#OTU ID	SRR19509437	SRR19509413	SRR19509414	SRR19509409	SRR19509419	SRR19509420	SRR19509430	SRR19509434	SRR19509427	SRR19509407	SRR19509435	SRR19509417	SRR19509422	SRR19509428	SRR19509433	SRR19509411	SRR19509408	SRR19509410	SRR19509415	SRR19509429	SRR19509403	SRR19509423	SRR19509416	SRR19509421	SRR19509412	SRR19509424	SRR19509425	SRR19509404	SRR19509405	SRR19509432	SRR19509436	SRR19509406
Zotu14	8232	0	0	0	0	0	0	0	0	0	0	0	0	0	0	0	0	0	0	0	2	0	0	0	0	0	0	0	0	0	0	0
Zotu10	11903	0	0	0	0	0	0	0	0	0	2	0	0	1	1	340	0	0	0	0	5	0	0	0	0	0	0	0	0	0	0	0
Zotu23	3019	0	0	0	0	0	0	0	0	0	0	0	0	0	0	0	0	0	0	0	6	0	0	0	0	0	0	3	0	0	0	0
Zotu24	2992	0	0	0	0	0	0	0	0	0	0	0	0	0	0	135	0	0	0	0	6	0	0	0	35	0	12	0	0	0	0	0
Zotu27	2617	0	0	0	0	0	0	0	0	0	0	0	0	0	0	0	0	0	0	0	0	0	0	0	0	0	0	0	0	0	0	0
Zotu165	6	0	2	0	0	0	0	0	0	0	0	5	0	7	6	13	0	0	0	0	0	0	19	0	18	0	18	3	0	0	0	0
Zotu50	861	0	0	0	0	0	0	0	0	0	0	0	0	0	0	0	0	0	0	0	0	0	0	0	0	0	0	0	0	0	0	0
Zotu41	1260	0	0	0	0	0	0	0	0	0	0	0	0	0	0	0	0	0	0	0	0	0	0	0	0	0	0	0	0	0	0	0
Zotu46	1005	0	0	0	0	0	0	0	0	0	0	0	0	0	0	0	0	0	0	0	0	0	0	0	0	0	0	0	0	0	0	0
Zotu114	187	0	0	0	0	0	0	0	0	0	0	0	0	0	0	0	0	0	0	0	0	0	0	0	0	0	0	0	0	0	0	0
Zotu15	7104	0	0	0	0	0	0	0	0	0	0	0	0	0	0	0	0	0	0	0	0	0	0	0	0	0	0	0	0	0	0	0
Zotu261	44	0	0	0	0	0	0	0	0	0	0	0	0	0	0	0	0	0	0	0	0	0	0	0	0	0	0	0	0	0	0	0
Zotu109	203	0	0	0	0	0	0	0	0	0	0	0	0	0	0	0	0	0	0	0	0	0	0	0	0	0	0	0	0	0	0	0
Zotu53	726	0	0	0	0	0	0	0	0	0	0	0	0	0	0	33	0	0	0	0	0	0	0	0	7	0	0	0	0	0	0	0
Zotu156	4	0	0	0	0	0	0	0	0	0	0	1	0	1	0	20	0	0	67	0	10	0	6	0	5	0	3	0	0	0	0	0
Zotu49	990	0	0	0	0	0	0	0	0	0	0	0	0	0	0	0	0	0	0	0	0	0	0	0	0	0	0	0	0	0	0	0
Zotu93	16	1	1	16	0	0	4	0	20	5	32	9	3	3	4	29	1	0	3	8	7	10	7	0	37	23	14	13	2	4	0	0
Zotu222	57	0	0	0	0	0	0	0	0	0	0	0	0	0	0	0	0	0	0	0	0	0	0	0	0	0	0	0	0	0	0	0
Zotu71	375	0	0	0	0	0	0	0	0	0	0	0	0	0	0	0	0	0	0	0	0	0	0	0	0	0	0	0	0	0	0	0
Zotu64	419	0	0	0	0	0	0	0	0	0	0	0	0	0	0	0	0	0	0	0	0	0	0	0	0	0	0	0	0	0	0	0
Zotu32	1655	0	0	0	0	0	0	0	0	0	0	0	0	0	0	0	0	0	0	0	16	0	0	0	0	0	0	0	0	0	0	0
Zotu61	508	0	0	0	0	0	0	0	0	0	0	0	0	0	0	0	0	0	0	0	0	0	0	0	0	0	0	0	0	0	0	0
Zotu226	58	0	0	0	0	0	0	0	0	0	0	0	0	0	0	0	0	0	0	0	0	0	0	0	0	0	0	0	0	0	0	0
Zotu88	237	0	0	0	0	0	0	0	0	0	0	0	0	0	0	0	0	0	0	0	0	0	0	0	0	0	0	0	0	0	0	0
Zotu264	3	0	0	0	0	0	0	0	0	0	0	5	0	0	0	27	0	0	0	0	0	0	11	0	0	0	0	0	0	0	0	0
Zotu136	4	4	0	4	0	2	4	6	3	1	7	4	0	1	22	9	0	4	0	2	0	2	5	0	7	39	1	0	2	5	0	0
Zotu235	49	0	0	0	0	0	0	0	0	0	0	0	0	0	0	0	0	0	0	0	0	0	0	0	0	0	0	0	0	0	0	0
Zotu106	16	0	0	2	0	0	0	0	0	0	0	22	0	4	0	66	0	0	0	0	9	0	1	0	27	0	34	3	0	0	0	0
Zotu73	5	0	0	0	0	0	0	0	0	0	0	19	0	6	0	68	0	0	75	0	43	0	34	0	29	0	25	79	0	0	0	0
Zotu29	53	0	0	0	0	0	0	7	0	0	0	37	0	23	0	400	3	2	730	36	107	0	193	0	330	0	89	187	0	0	0	0
Zotu706	11	0	0	0	0	0	0	0	0	0	0	0	0	0	0	0	0	0	0	0	0	0	0	0	0	0	0	0	0	0	0	0
Zotu468	4	0	0	0	0	0	0	0	0	0	0	0	0	3	0	4	0	0	0	0	0	0	7	0	0	0	11	1	0	0	0	0
Zotu87	263	0	0	0	0	0	0	0	0	0	0	0	0	0	0	0	0	0	0	0	0	0	0	0	0	0	0	0	0	0	0	0
Zotu357	27	0	0	0	0	0	0	0	0	0	0	0	0	0	0	0	0	0	0	0	0	0	0	0	0	0	0	0	0	0	0	0
Zotu420	21	0	0	0	0	0	0	0	0	0	0	0	0	2	0	0	0	0	0	0	0	0	0	0	0	0	0	0	0	0	0	0
Zotu84	6	4	1	17	0	5	4	6	41	0	19	3	6	2	7	55	0	3	0	19	5	0	6	0	30	1	32	2	0	2	0	1
Zotu66	19	0	0	0	0	0	0	0	0	0	0	15	0	6	0	90	0	0	44	0	16	0	106	0	59	0	42	42	0	0	0	0
Zotu529	5	0	0	0	0	0	0	0	0	0	0	0	0	0	0	12	0	0	0	0	0	0	0	0	0	0	2	0	0	0	0	0
Zotu159	103	0	0	0	0	0	0	0	0	0	0	0	0	0	0	0	0	0	0	0	0	0	0	0	0	0	0	0	0	0	0	0
Zotu332	1	0	0	0	0	0	0	0	0	0	0	2	0	0	0	11	0	0	0	0	0	0	0	0	5	0	11	7	0	0	0	0
Zotu625	3	0	0	0	0	0	0	0	0	0	0	0	0	0	0	10	0	0	0	0	3	0	0	0	8	0	12	0	0	0	0	0
Zotu451	2	0	0	0	0	0	0	0	0	0	0	0	0	0	0	6	0	0	0	0	2	0	8	0	1	0	0	0	0	0	0	0
Zotu558	1	0	0	2	0	1	0	0	2	0	0	0	2	0	0	1	0	0	0	0	0	2	0	0	0	2	1	0	0	0	0	0
Zotu150	4	0	0	0	0	0	0	0	0	0	0	7	0	8	0	12	0	0	17	0	6	0	7	0	20	0	6	39	0	0	0	0
Zotu372	3	0	0	0	0	0	0	0	0	0	0	4	0	1	0	9	0	0	0	0	0	0	0	0	5	0	6	0	0	0	0	0
Zotu70	11	0	0	0	0	0	0	0	0	0	0	10	0	5	0	60	0	0	115	12	27	0	53	0	35	0	16	39	0	0	0	0
Zotu397	8	0	0	0	0	0	0	0	0	0	0	5	0	1	0	4	0	0	0	1	1	0	2	0	5	0	1	0	0	0	0	0
Zotu68	3	5	1	1	4	3	42	17	35	1	44	4	3	3	73	16	2	6	2	46	10	3	3	3	11	39	4	7	0	0	0	2
Zotu75	8	4	3	12	2	12	2	14	12	11	17	3	18	12	37	14	1	3	7	85	6	9	7	2	5	18	10	11	0	11	0	2
Zotu462	19	0	0	0	0	0	0	0	0	0	0	0	0	0	0	0	0	0	0	0	0	0	0	0	0	0	0	0	0	0	0	0
Zotu394	2	0	0	0	0	0	0	0	0	0	0	0	1	3	1	4	0	0	0	10	0	0	4	0	1	0	3	0	0	0	0	0
Zotu333	7	0	0	0	0	0	0	0	0	0	0	1	0	0	0	8	0	0	0	0	0	0	4	0	12	0	6	0	0	0	0	0
Zotu479	1	0	0	0	0	0	0	0	0	0	0	1	0	0	0	0	0	0	0	20	1	0	0	0	0	0	7	0	0	0	0	0
Zotu256	47	0	0	0	0	0	0	0	0	0	0	0	0	0	0	0	0	0	0	0	0	0	0	0	0	0	0	0	0	0	0	0
Zotu539	16	0	0	0	0	0	0	0	0	0	0	0	0	0	0	0	0	0	0	0	0	0	0	0	0	0	0	0	0	0	0	0
Zotu802	2	0	0	0	0	0	0	0	0	0	0	1	0	2	0	1	0	0	0	0	0	0	3	0	2	0	2	0	0	0	0	0
Zotu253	2	0	0	0	0	0	0	0	0	0	0	8	0	1	0	20	0	0	0	0	0	0	8	0	9	0	16	0	0	0	0	0
Zotu265	7	0	0	0	0	0	0	0	0	0	0	4	1	0	0	0	0	0	0	0	8	0	1	0	22	0	0	1	0	0	0	0
Zotu38	13	24	9	143	3	95	19	66	305	5	40	24	32	5	77	32	13	17	1	126	12	16	15	4	33	55	66	9	4	32	8	10
Zotu151	4	1	1	13	0	7	8	1	20	0	10	1	3	2	10	6	0	2	0	20	2	7	11	0	0	11	1	0	1	4	0	0
Zotu716	10	0	0	0	0	0	0	0	0	0	0	0	0	0	0	0	0	0	0	0	0	0	0	0	0	0	0	0	0	0	0	0
Zotu182	4	0	0	0	0	0	0	0	9	0	0	3	0	4	0	36	0	0	0	0	8	0	20	0	5	0	10	5	0	2	0	0
Zotu124	10	0	0	6	7	10	0	0	25	0	0	0	5	8	0	0	5	1	0	0	14	6	20	0	18	21	11	0	1	0	1	2
Zotu579	1	0	0	0	0	0	0	0	0	0	0	3	0	0	0	5	0	0	0	0	0	0	2	0	9	0	1	0	0	0	0	0
Zotu105	12	0	0	0	0	0	0	0	0	0	0	6	0	1	0	28	0	0	48	0	5	0	40	0	29	0	12	26	0	0	0	0
Zotu399	2	0	0	0	0	0	3	0	1	1	0	0	0	0	11	8	1	0	0	0	0	1	0	0	0	0	0	0	0	0	0	0
Zotu118	2	0	0	0	0	0	0	0	0	0	0	0	0	0	0	48	0	0	30	0	8	0	71	0	0	0	0	0	0	0	0	0
Zotu203	4	1	0	0	0	5	0	0	0	0	0	5	0	1	0	10	0	0	0	0	7	0	18	0	20	0	11	1	0	0	1	0
Zotu216	7	0	0	6	0	0	0	1	0	0	0	3	1	3	1	0	0	3	0	0	3	0	1	0	13	0	21	0	0	0	0	0
Zotu671	4	0	0	0	0	0	0	0	0	0	0	0	0	0	3	0	0	0	0	0	2	0	0	0	1	0	4	0	0	0	0	0
Zotu392	5	0	0	0	0	0	0	0	0	0	0	0	0	2	0	11	0	0	0	0	0	0	5	0	5	0	8	0	0	0	0	0
Zotu549	1	0	0	1	0	2	2	0	0	0	0	1	0	0	2	0	0	0	0	6	0	0	0	0	0	1	1	0	0	0	0	0
Zotu735	1	0	0	0	0	0	0	0	0	0	0	0	0	1	0	0	0	0	0	0	1	0	0	0	1	0	4	6	0	0	0	0
Zotu276	3	0	0	0	0	0	0	0	0	0	0	5	0	2	4	14	0	0	0	0	0	0	4	0	0	0	6	6	0	0	0	0
Zotu20	1	0	1	0	0	0	0	0	0	0	0	0	5	0	0	0	0	2500	2273	0	0	0	1	0	0	0	0	0	1	0	0	0
Zotu168	11	0	0	1	0	0	0	0	0	0	0	2	0	0	0	6	0	0	0	0	3	0	18	0	15	0	22	8	0	0	0	0
Zotu108	5	0	4	22	0	0	16	10	0	3	0	0	0	4	0	27	2	0	0	35	0	10	16	1	0	9	26	19	2	2	1	0
Zotu120	4	0	0	1	0	0	0	0	0	0	0	14	0	7	0	53	0	0	0	0	6	0	13	0	25	0	25	6	0	0	0	0
Zotu39	4	0	0	0	0	0	0	1056	0	0	0	5	0	0	138	0	0	0	0	0	0	0	0	0	0	0	0	0	0	0	0	0
Zotu658	1	0	0	0	0	0	0	0	0	0	0	1	0	0	0	3	0	0	0	0	4	0	2	0	2	0	1	1	0	0	0	1
Zotu142	3	0	0	0	0	0	0	0	0	0	0	1	0	1	0	69	0	0	12	0	6	0	30	0	4	0	0	4	0	0	0	0
Zotu784	1	0	0	0	0	0	5	0	7	0	0	0	0	0	1	0	0	0	0	0	0	2	0	0	1	0	0	0	0	0	0	0
Zotu103	14	0	0	15	0	0	0	0	6	0	0	3	0	10	6	27	0	0	0	5	9	1	23	0	18	13	30	15	0	0	0	0
Zotu8	13	0	0	0	0	14061	0	0	0	0	0	10	0	1	0	62	0	0	33	0	33	0	50	0	6	0	62	140	0	0	0	11
Zotu92	4	0	0	0	0	3	0	0	0	0	0	10	0	4	0	37	0	0	119	3	32	0	38	0	25	0	16	62	0	0	0	0
Zotu237	6	0	0	0	0	0	0	0	0	0	0	0	0	0	0	27	0	0	0	0	0	0	6	0	7	0	7	0	0	0	0	0
Zotu338	1	0	0	0	0	0	0	0	0	0	0	1	0	0	0	25	0	0	0	0	0	0	0	0	3	0	9	0	0	0	0	0
Zotu776	1	0	0	0	0	0	0	0	0	0	0	0	0	0	0	3	0	0	0	3	1	0	0	0	0	0	0	0	0	0	0	0
Zotu443	5	0	0	0	0	0	0	0	0	0	0	6	0	1	0	9	0	0	0	0	5	0	0	0	3	0	8	0	0	0	0	0
Zotu190	7	0	0	0	0	0	0	0	0	0	0	7	0	0	0	43	0	0	0	0	1	0	3	0	10	0	5	2	0	0	0	0
Zotu826	3	0	0	0	0	0	0	0	0	0	0	1	1	0	0	0	0	0	0	0	0	0	0	0	4	0	0	2	0	0	0	0
Zotu787	3	0	0	0	0	0	0	0	0	2	0	0	0	0	0	0	0	0	0	0	1	0	7	0	0	0	0	0	0	0	0	0
Zotu107	2	1	0	0	0	0	10	16	0	33	0	3	0	1	0	15	0	0	19	0	10	7	31	0	39	0	8	19	0	0	0	1
Zotu396	3	0	0	0	0	0	0	0	0	0	0	1	0	0	0	3	0	0	0	0	0	0	7	0	12	0	0	0	0	0	0	0
Zotu769	11	0	0	0	0	0	0	0	0	0	0	0	0	0	0	0	0	0	0	0	0	0	0	0	0	0	0	0	0	0	0	0
Zotu252	2	0	0	0	0	0	0	0	0	0	0	3	0	1	0	14	0	0	0	0	1	0	2	0	1	0	16	2	0	0	0	0
Zotu484	22	0	0	0	0	0	0	0	0	0	0	0	0	0	0	0	0	0	0	0	0	0	0	0	0	0	0	0	0	0	0	0
Zotu129	5	0	0	0	0	3	0	0	0	0	9	7	0	1	0	31	2	0	0	1	5	0	41	0	29	0	26	1	0	0	0	0
Zotu608	4	0	0	0	0	0	0	0	0	0	0	0	0	0	0	0	0	0	0	0	0	0	4	0	0	0	1	4	0	0	0	0
Zotu141	5	0	1	11	0	0	1	0	0	4	8	1	0	5	6	20	2	0	0	13	8	2	8	0	11	1	17	4	0	0	0	1
Zotu346	3	0	0	0	0	0	0	0	0	0	0	1	0	1	0	19	0	0	0	0	0	0	1	0	7	0	8	0	0	0	0	0
Zotu502	2	0	0	0	0	0	0	0	0	0	0	0	0	0	0	15	0	0	0	1	1	0	0	0	0	0	0	0	0	0	0	0
Zotu589	2	0	0	0	0	0	0	0	0	0	0	3	0	0	0	6	0	0	0	0	0	0	6	0	1	0	9	0	0	0	0	0
Zotu614	5	0	0	0	0	0	0	0	1	2	0	0	0	0	0	0	0	0	0	0	0	0	4	0	0	0	2	0	0	0	0	0
Zotu670	3	0	0	0	0	0	0	0	0	0	0	0	0	4	0	0	0	0	0	0	0	0	0	0	0	0	0	5	0	0	0	0
Zotu100	5	3	0	13	2	1	12	16	9	1	18	0	2	0	18	10	0	1	3	0	1	8	1	0	22	49	3	9	1	1	0	0
Zotu541	2	0	0	2	0	0	2	1	0	0	1	1	1	2	0	1	1	1	0	1	0	1	1	0	0	0	1	6	0	1	0	0
Zotu179	5	0	0	0	0	0	0	0	0	0	0	11	0	0	0	15	0	0	0	0	0	0	20	0	13	0	18	0	0	0	0	0
Zotu378	6	0	0	0	0	0	0	0	0	0	0	3	0	0	0	11	0	0	0	0	0	0	1	0	0	0	4	4	0	0	0	0
Zotu135	1	0	0	17	0	5	1	12	28	1	2	0	6	0	27	0	1	1	0	19	0	0	1	0	0	29	17	8	0	0	0	0
Zotu94	5	0	0	0	0	0	4	0	2	0	0	11	10	10	6	39	0	0	0	0	14	0	35	0	21	14	49	22	0	1	0	0
Zotu260	1	0	0	0	0	0	0	2	0	0	0	1	0	2	0	3	0	0	0	0	0	0	10	0	6	10	7	0	0	0	0	0
Zotu382	1	0	0	0	0	0	0	0	0	0	0	2	0	0	0	5	0	0	0	0	2	0	0	0	8	0	4	0	0	0	0	0
Zotu322	3	0	0	0	0	0	0	0	0	0	0	5	0	5	0	22	0	0	0	0	0	0	7	0	7	0	5	0	0	0	0	0
Zotu809	1	0	0	0	0	0	0	0	0	0	0	1	0	1	2	6	0	0	0	0	0	0	1	0	2	1	1	1	0	0	0	0
Zotu749	1	0	0	0	0	0	0	0	0	0	0	3	0	0	0	0	0	0	0	0	0	0	3	0	0	0	4	0	0	0	0	0
Zotu418	1	0	0	2	0	0	0	3	0	0	0	0	2	0	0	0	0	1	0	2	1	0	3	0	3	6	0	1	1	1	0	1
Zotu236	3	0	0	0	0	0	0	0	0	0	0	2	0	0	0	18	0	0	0	0	8	0	8	0	6	0	7	0	0	0	0	0
Zotu535	4	0	0	1	0	0	2	1	0	0	0	8	1	1	2	2	0	0	0	0	1	0	9	0	6	0	7	2	0	0	0	0
Zotu169	1	0	0	0	0	0	2	0	0	0	4	3	0	1	0	24	0	0	0	3	0	0	28	0	8	3	13	0	0	0	0	0
Zotu74	11	4	0	11	0	0	15	5	36	11	30	15	3	8	16	65	1	1	7	25	6	17	33	0	7	36	32	16	0	4	0	0
Zotu407	1	0	0	0	0	0	0	0	0	0	0	3	0	0	0	7	0	0	0	0	0	0	9	0	2	0	7	0	0	0	0	0
Zotu3	4	5618	260	893	16561	1584	417	3748	2462	363	4127	0	8088	1	1558	473	0	686	777	1670	3195	6165	0	15334	1059	2062	5191	5226	140	1025	10923	36
Zotu477	2	0	0	0	0	0	0	0	0	0	0	1	0	0	0	9	0	0	0	0	1	0	7	0	2	0	10	2	0	0	0	0
Zotu285	3	0	0	0	0	0	0	0	0	0	0	1	0	0	0	14	0	0	0	0	2	0	0	0	8	0	7	5	0	0	0	0
Zotu147	1	0	0	1	0	4	0	4	8	0	1	3	1	0	1	10	0	0	0	0	3	1	10	0	7	27	12	9	0	0	2	1
Zotu234	2	1	0	1	0	5	1	4	15	0	1	3	4	1	0	1	0	0	0	0	3	0	8	1	3	0	3	7	0	2	1	0
Zotu164	5	1	1	0	0	1	0	0	1	0	3	0	2	4	9	1	0	0	0	4	0	0	22	0	0	0	39	10	0	2	0	0
Zotu431	1	0	0	0	0	0	0	0	0	0	0	0	0	3	0	1	0	0	0	0	5	0	14	0	6	0	7	2	0	0	0	0
Zotu785	1	0	0	0	0	0	0	0	0	0	0	0	0	1	0	2	0	0	0	0	0	0	8	0	0	0	2	0	0	0	0	0
Zotu283	4	4	0	0	0	0	0	0	0	1	0	0	0	3	0	17	0	0	0	0	0	0	0	0	5	0	0	11	0	0	0	0
Zotu82	9	3	0	1	0	0	0	0	0	0	0	3	0	0	0	0	0	0	0	0	81	0	15	0	47	0	23	100	0	0	11	0
Zotu795	1	0	0	0	0	0	0	0	0	0	0	0	0	0	0	7	0	0	0	0	0	0	0	0	0	0	2	0	0	0	0	0
Zotu781	1	0	0	0	0	0	0	0	0	0	0	0	0	0	0	2	0	0	0	0	0	0	0	0	3	0	2	0	0	0	0	0
Zotu616	2	0	0	0	0	0	0	0	0	0	0	2	0	0	0	8	0	0	0	1	1	1	0	0	0	0	1	0	0	0	0	0
Zotu412	5	0	0	0	0	0	0	0	0	0	0	0	0	1	0	5	0	0	0	0	0	0	0	0	3	0	6	4	0	0	0	0
Zotu404	1	0	0	2	0	0	0	0	0	0	0	0	0	2	0	2	0	0	0	0	1	0	9	0	3	0	2	0	0	0	0	0
Zotu436	1	0	0	0	0	0	0	0	0	0	0	4	0	3	0	2	0	0	0	0	2	0	2	0	7	0	1	0	0	0	0	0
Zotu180	3	0	3	17	1	3	0	6	3	0	0	2	1	0	12	5	0	0	0	10	1	0	2	0	2	10	8	3	0	1	2	0
Zotu304	3	0	0	1	1	1	2	1	8	0	1	0	1	1	3	4	0	0	2	5	1	0	2	0	5	5	11	3	0	0	0	0
Zotu813	4	0	0	0	0	0	0	0	0	0	0	0	0	2	0	0	0	0	0	0	0	0	3	0	0	0	2	0	0	0	0	0
Zotu433	2	0	0	0	0	0	0	0	0	0	0	1	0	0	0	3	0	0	0	0	0	0	5	0	6	0	4	0	0	0	0	0
Zotu710	2	0	0	0	0	0	0	0	0	0	0	1	0	0	0	5	0	0	0	0	3	0	2	0	1	0	2	1	0	0	0	0
Zotu390	3	1	0	0	0	4	1	0	0	0	0	0	1	1	0	6	0	0	0	0	1	0	2	0	7	0	0	0	0	1	0	0
Zotu445	2	0	0	0	0	0	0	0	0	0	0	1	0	0	0	9	0	0	0	0	2	0	2	0	0	0	3	0	0	0	0	0
Zotu132	7	0	0	0	0	0	0	2	0	0	0	4	0	7	0	28	0	0	0	2	15	0	19	0	23	0	13	10	0	0	0	0
Zotu533	3	0	0	0	0	0	0	0	0	0	0	0	0	2	0	0	0	0	0	0	0	0	0	0	12	0	0	0	0	0	0	0
Zotu160	4	2	1	11	0	4	4	6	16	1	0	2	6	0	11	6	0	0	0	14	3	4	5	0	1	10	6	5	0	4	1	0
Zotu83	11	0	0	0	0	1	0	2	1	0	6	17	0	13	0	59	0	0	1	0	10	0	57	0	25	0	43	33	0	0	0	0
Zotu154	1	10	3	21	0	2	3	5	21	3	6	2	1	1	0	22	0	2	0	0	9	3	11	1	8	0	0	8	2	4	0	3
Zotu520	1	0	0	0	0	3	0	0	0	0	10	0	0	0	0	0	0	0	3	0	0	0	0	0	0	0	0	0	0	0	0	0
Zotu250	6	0	0	4	0	0	0	0	0	0	0	5	0	5	0	0	0	0	0	0	4	0	7	0	3	0	16	0	0	0	0	0
Zotu492	1	0	0	0	0	0	0	0	0	0	0	0	0	0	0	1	0	0	0	0	3	0	0	0	4	0	9	3	0	0	0	0
Zotu328	5	0	0	0	0	0	0	0	0	0	0	0	0	2	0	0	0	0	0	0	2	0	16	0	13	0	1	0	0	0	0	0
Zotu291	3	1	0	2	0	0	1	1	2	1	0	2	1	1	0	9	0	0	0	3	2	0	7	0	4	0	1	1	0	0	0	0
Zotu387	3	0	0	15	0	0	0	0	0	0	0	0	0	1	0	0	0	0	0	0	0	0	0	0	5	0	7	0	1	0	0	0
Zotu440	3	0	0	0	0	0	0	0	0	0	0	1	0	0	0	4	0	0	0	0	0	0	0	0	7	0	3	0	0	2	0	0
Zotu464	2	0	0	2	0	0	0	0	0	0	0	0	0	0	0	8	0	0	0	0	0	0	0	0	1	0	3	0	0	0	0	0
Zotu818	2	0	0	0	0	0	0	0	0	0	6	0	0	0	0	0	0	0	0	0	0	0	2	0	0	0	0	0	0	0	0	0
Zotu634	3	0	0	0	0	0	0	0	0	0	0	0	0	1	0	0	0	0	0	0	0	0	4	0	1	0	1	2	0	0	0	0
Zotu221	2	0	0	0	0	0	0	0	0	0	0	16	0	25	0	0	0	0	8	0	0	0	20	0	0	0	0	0	0	0	0	0
Zotu553	1	0	0	0	0	0	0	0	0	0	0	0	0	0	0	11	0	0	0	0	0	0	0	0	2	0	2	0	0	0	0	0
Zotu439	2	0	0	0	0	0	0	0	0	0	0	4	0	0	0	0	0	0	0	0	0	0	1	0	10	0	3	0	0	0	0	0
Zotu386	2	0	0	0	0	0	0	0	0	0	0	4	0	0	0	14	0	0	0	0	0	0	0	0	0	0	9	0	0	0	0	0
Zotu140	5	0	0	0	1	0	0	0	2	0	0	4	0	0	6	26	0	0	0	9	2	0	11	0	26	0	20	6	0	0	0	0
Zotu401	1	0	3	2	0	0	0	1	5	0	2	0	3	0	1	1	2	0	2	3	0	0	0	0	2	5	4	7	0	1	0	0
Zotu812	1	0	0	0	0	0	0	0	0	0	0	0	0	0	0	0	0	0	0	0	0	0	7	0	0	0	2	0	0	0	0	0
Zotu448	6	0	0	0	0	0	0	0	0	0	0	0	0	1	0	3	0	0	0	0	1	0	1	0	5	0	1	3	0	0	0	0
Zotu356	2	0	0	0	0	0	0	0	0	0	0	0	0	0	0	0	0	0	0	0	0	0	0	0	19	0	10	0	0	1	0	0
Zotu323	1	0	0	1	0	0	4	1	15	0	0	0	0	1	5	0	0	1	0	0	0	1	0	0	0	0	1	1	0	0	0	0
Zotu743	5	0	0	0	0	0	0	0	0	0	0	0	0	4	0	1	0	0	0	0	0	0	0	0	0	0	0	0	0	0	1	0
Zotu559	3	0	0	0	0	0	0	0	0	0	0	0	0	2	1	1	0	0	0	0	2	0	0	0	4	0	0	0	0	1	0	0
Zotu656	4	0	0	0	0	0	0	0	0	0	0	1	0	0	0	0	0	0	0	0	0	0	3	0	0	0	6	0	0	0	0	0
Zotu308	1	0	0	18	0	2	1	0	1	0	2	1	1	0	3	2	0	0	0	6	0	0	0	0	2	1	10	0	0	0	0	0
Zotu594	5	0	0	0	0	1	0	2	2	0	0	2	3	0	0	1	2	0	0	3	0	0	0	0	0	0	0	3	0	0	0	0
Zotu310	2	0	0	0	0	0	0	0	0	0	0	4	0	0	0	23	0	0	0	0	2	0	7	0	30	0	12	1	0	0	0	0
Zotu215	2	4	1	6	0	10	0	0	21	0	2	0	1	1	0	3	0	1	0	1	1	1	0	1	1	0	4	0	0	0	0	0
Zotu163	2	0	0	0	0	0	0	0	0	0	0	9	0	4	0	10	0	0	0	0	3	0	12	0	22	0	22	4	0	0	0	0
Zotu364	1	0	0	0	3	2	0	0	0	0	0	0	2	1	0	0	0	0	0	0	4	1	1	0	2	4	9	0	0	0	1	0
Zotu498	1	0	0	0	0	4	0	0	0	0	0	0	0	0	0	10	0	0	0	0	0	0	0	0	0	0	0	0	0	0	0	0
Zotu130	3	0	0	0	0	2	0	0	0	0	0	12	0	2	0	27	0	0	0	3	8	0	27	0	6	0	24	18	0	0	0	0
Zotu199	1	4	3	18	0	3	0	1	3	3	0	2	5	0	5	1	0	1	0	0	0	0	4	0	1	1	2	0	0	5	0	0
Zotu277	1	0	1	0	0	0	0	6	0	0	0	3	0	0	12	3	0	0	0	2	0	2	5	0	0	1	9	0	0	0	0	0
Zotu595	1	2	0	0	0	0	0	3	0	0	0	2	0	0	0	0	0	0	0	0	2	0	11	0	7	0	3	0	0	0	0	0
Zotu673	2	0	0	0	0	0	0	0	0	0	0	1	0	0	1	6	0	0	0	3	0	0	2	0	3	1	5	1	0	0	0	0
Zotu354	2	0	0	0	0	0	0	0	0	0	0	0	0	2	0	7	0	0	0	0	3	0	4	0	0	0	7	4	0	0	0	0
Zotu508	1	0	0	0	0	0	0	0	0	0	0	1	0	0	0	3	0	0	0	0	1	0	0	0	5	0	3	0	0	0	0	0
Zotu724	1	0	0	0	0	0	0	0	0	0	0	2	0	2	0	0	0	0	0	0	0	0	0	0	1	0	5	0	0	1	0	0
Zotu699	1	0	0	0	0	0	0	0	0	0	0	1	0	1	0	4	0	0	0	0	0	0	4	0	0	0	2	1	0	0	0	0
Zotu225	4	0	0	0	0	3	0	8	15	0	0	4	0	2	4	4	0	0	0	4	0	0	2	0	0	0	11	1	0	0	1	0
Zotu334	2	2	0	0	0	6	0	5	0	0	4	0	0	1	1	0	1	0	1	2	0	0	2	0	3	11	6	0	0	0	0	0
Zotu242	4	0	0	0	0	0	0	0	0	0	0	4	0	3	0	3	0	0	0	0	8	0	6	0	10	0	7	9	0	0	0	0
Zotu557	1	0	0	0	0	0	0	0	0	0	0	1	0	1	0	6	0	0	0	0	0	0	0	0	2	0	8	0	0	0	0	0
Zotu674	2	0	0	0	0	6	0	0	0	0	0	0	0	2	0	0	0	0	0	0	0	0	0	0	0	0	1	0	0	0	0	0
Zotu196	5	0	0	0	0	0	0	0	0	0	0	8	0	1	0	16	0	0	0	0	1	0	1	0	18	0	20	0	0	0	0	0
Zotu815	2	0	0	0	0	0	0	0	0	0	0	0	0	0	0	2	0	0	0	0	0	0	0	0	1	0	1	8	0	0	0	0
Zotu825	1	1	0	1	0	0	0	8	0	0	0	0	0	2	0	0	0	0	0	0	0	0	0	0	0	0	3	0	0	2	0	0
Zotu561	2	0	0	0	0	1	0	0	0	0	0	2	0	0	0	0	0	0	0	0	1	0	4	0	9	0	8	0	0	0	0	0
Zotu137	3	1	0	4	1	0	0	6	1	0	0	5	0	2	4	8	0	0	0	10	2	0	18	0	27	0	17	10	0	2	0	0
Zotu478	7	1	0	0	0	0	0	0	0	0	0	0	0	3	0	5	0	0	0	0	0	0	0	0	1	0	0	0	0	3	0	0
Zotu287	1	0	0	0	0	0	0	0	0	0	0	0	0	3	0	6	0	0	0	0	0	0	11	0	0	0	15	3	0	0	0	0
Zotu796	1	0	0	0	0	0	0	0	0	0	0	1	0	0	0	6	0	0	0	0	0	0	0	0	0	0	2	0	0	0	0	0
Zotu245	3	0	0	0	0	0	0	0	0	0	0	3	0	1	0	24	0	0	0	0	2	0	0	0	2	0	9	0	0	0	0	0
Zotu494	1	0	0	0	0	0	0	0	0	0	0	0	0	0	0	0	0	0	0	1	0	0	0	0	0	15	0	0	0	0	0	0
Zotu67	2	8	1	15	2	6	3	8	55	4	35	13	26	1	27	33	0	10	4	12	16	13	23	0	47	42	21	0	0	1	3	2
Zotu380	4	0	0	0	0	0	0	0	0	0	0	4	0	0	0	3	0	0	0	0	0	0	13	0	0	0	4	2	0	0	0	0
Zotu278	2	1	0	0	0	0	0	0	0	0	0	4	0	0	1	18	0	0	0	0	0	0	7	0	3	1	9	0	0	1	0	0
Zotu654	1	0	0	0	0	0	0	0	7	0	0	0	0	0	0	0	0	0	0	0	0	0	0	0	4	0	0	0	0	0	0	0
Zotu406	2	0	0	0	0	1	0	0	5	0	0	0	0	0	1	2	0	0	0	0	1	1	0	0	0	3	1	5	0	0	0	0
Zotu444	1	0	0	8	0	2	3	0	2	0	0	0	0	0	3	0	1	0	0	3	0	0	3	0	0	0	0	0	0	0	0	0
Zotu174	1	0	0	1	0	0	0	0	12	0	0	6	0	4	0	21	0	1	0	0	0	0	1	0	20	0	7	4	0	0	0	0
Zotu210	4	0	0	0	0	0	0	0	0	0	0	1	0	0	0	21	0	0	0	0	0	0	23	0	2	0	6	6	0	0	0	0
Zotu689	1	0	0	0	0	0	0	0	0	0	0	0	0	1	0	4	0	0	0	0	1	0	0	0	5	0	2	0	0	0	0	0
Zotu666	4	0	0	0	0	0	0	0	0	0	0	0	0	0	0	0	0	0	0	0	0	0	10	0	0	0	2	0	0	0	0	0
Zotu545	1	0	0	0	0	0	0	0	0	0	8	0	4	0	6	0	0	0	0	0	0	0	0	0	0	0	0	0	0	0	0	0
Zotu2	1	10814	1578	4093	29275	4696	2595	10037	1766	1607	12361	1	20574	2	3996	7061	6	1578	1292	8569	7259	24322	2	25208	5958	1984	12891	8210	514	1103	18542	282
Zotu447	1	0	0	0	0	0	0	0	0	0	0	0	0	1	0	0	0	0	0	0	0	0	3	0	13	0	3	2	0	0	0	0
Zotu432	1	0	0	0	0	0	0	0	0	0	0	0	0	1	0	7	0	0	0	0	0	0	1	0	13	0	5	0	0	0	0	0
Zotu267	2	0	0	0	0	0	0	0	0	0	0	1	0	1	0	24	0	0	0	0	0	0	3	0	7	0	4	5	0	0	0	0
Zotu353	2	0	0	0	0	0	0	0	0	0	0	2	0	1	0	19	0	0	0	0	0	0	0	0	5	0	0	0	0	0	0	0
Zotu687	1	0	0	0	0	0	0	0	0	0	0	0	0	0	0	0	0	0	0	0	0	0	0	0	7	0	6	0	0	0	0	0
Zotu661	1	0	0	0	0	0	0	0	0	0	0	0	0	0	0	4	0	0	0	0	0	0	0	0	0	0	3	5	0	0	0	0
Zotu1	2	1969	33643	126	0	0	0	0	0	32084	0	45063	0	36313	0	0	0	67	46968	1	2009	0	1	0	3600	1051	0	498	37026	38462	3	2
Zotu398	2	0	0	2	0	0	1	0	4	0	0	0	1	0	3	3	0	1	0	3	0	0	3	0	1	0	1	0	0	0	0	0
Zotu213	5	0	0	0	0	0	0	0	0	0	0	9	0	4	0	22	0	0	0	0	2	0	8	0	12	0	11	0	0	0	0	0
Zotu317	3	0	0	0	0	0	0	1	0	0	0	5	0	1	0	4	0	0	0	0	1	0	3	0	10	1	5	2	0	0	0	0
Zotu209	1	0	0	0	0	0	0	0	0	0	0	0	0	0	0	65	0	0	0	0	0	0	0	0	0	0	7	0	6	0	0	0
Zotu262	4	0	0	2	0	1	0	0	16	0	0	0	0	0	2	0	0	0	0	4	0	0	0	0	6	7	4	0	0	0	0	0
Zotu731	1	0	0	0	0	0	0	0	0	0	0	0	0	0	0	7	0	0	0	0	0	0	0	0	0	0	2	0	0	0	0	0
Zotu694	1	0	0	4	0	1	0	0	8	1	0	1	0	0	0	0	0	0	0	4	0	0	0	0	0	0	1	1	0	0	0	0
Zotu626	1	0	0	0	0	0	0	4	0	0	0	0	1	0	1	0	0	0	0	2	0	2	0	0	3	2	0	0	0	0	0	0
Zotu104	8	1	0	1	1	8	7	1	15	0	6	9	6	0	1	0	0	0	0	1	0	0	15	0	58	2	59	16	0	0	1	0
Zotu518	2	0	0	0	0	0	0	0	0	0	0	0	0	1	0	1	0	0	0	0	7	0	0	0	3	0	6	12	0	0	0	0
Zotu95	2	0	0	0	0	4	0	1	14	2	1	2	0	4	2	80	2	5	0	0	38	0	49	0	0	0	0	21	0	0	0	0
Zotu208	1	5	0	1	0	0	0	0	10	0	4	0	0	1	9	4	0	4	3	0	2	0	11	0	2	4	1	2	0	0	0	0
Zotu722	2	0	0	0	0	0	0	0	0	0	0	0	0	0	0	3	0	0	0	0	0	0	2	0	0	0	2	3	0	0	0	0
Zotu550	2	0	0	0	0	0	0	0	0	0	0	4	0	0	0	0	0	0	0	0	0	0	5	0	6	0	3	0	0	0	0	0
Zotu757	1	0	0	0	0	0	0	0	1	0	0	0	0	0	0	0	0	0	0	0	0	0	0	0	0	8	0	0	0	0	0	0
Zotu115	2	0	0	0	0	0	0	0	0	0	0	6	0	6	0	24	0	0	66	0	3	0	4	0	40	0	6	26	0	0	0	0
Zotu698	2	1	0	4	0	0	0	0	1	0	1	4	0	1	0	6	0	0	0	0	0	1	6	0	4	3	1	1	0	0	0	0
Zotu13	1	91	74	483	74	318	650	344	931	208	373	0	225	0	550	0	58	116	27	547	0	304	6	71	0	2363	2	16	15	208	127	56
Zotu193	3	0	0	0	0	0	0	0	0	0	0	2	0	3	0	18	0	0	0	0	2	0	17	0	4	0	16	1	0	0	0	0
Zotu467	1	0	0	0	0	0	0	0	0	0	0	0	0	0	0	4	0	0	0	0	3	0	0	0	3	0	7	0	0	0	0	0
Zotu574	1	0	1	0	0	0	0	0	0	0	0	0	0	0	0	2	0	0	0	0	0	0	0	0	1	0	11	0	0	0	0	0
Zotu575	2	0	0	0	0	0	0	0	0	0	0	3	0	0	0	4	0	0	0	0	2	0	0	0	2	0	1	0	0	0	0	0
Zotu324	2	0	0	0	0	0	0	0	0	0	0	0	0	0	0	21	0	0	0	0	0	0	0	0	0	0	10	0	0	0	0	0
Zotu294	1	0	0	0	0	0	0	0	0	0	0	2	0	2	0	35	0	0	0	0	3	0	4	0	10	0	16	4	0	1	0	0
Zotu517	1	0	0	0	0	0	0	0	1	0	0	0	0	0	17	0	0	0	0	0	0	0	0	0	0	0	0	0	0	0	0	0
Zotu97	1	0	0	0	0	0	0	0	0	0	0	12	0	1	0	0	0	0	0	0	23	0	97	0	0	0	65	38	0	0	0	0
Zotu279	2	0	0	0	0	0	0	0	2	0	0	1	0	0	0	9	0	0	0	0	2	0	6	0	18	0	0	0	0	0	0	0
Zotu181	1	0	0	0	0	0	0	0	0	0	0	3	0	1	0	23	0	0	0	0	1	0	10	0	22	0	6	8	0	0	0	0
Zotu473	3	0	0	0	0	0	0	0	0	0	0	0	1	0	5	0	0	1	0	0	0	0	6	0	3	0	0	0	0	0	0	0
Zotu162	1	7	0	6	0	9	1	10	20	0	0	0	3	0	17	1	0	0	0	3	4	2	4	0	1	1	6	0	0	0	0	1
Zotu321	2	0	0	0	0	0	0	0	0	0	0	8	0	8	0	3	0	0	0	0	1	0	18	0	4	0	9	0	0	0	0	0
Zotu371	1	0	0	0	0	0	0	0	0	0	0	0	0	1	0	12	0	0	0	0	6	0	0	0	9	0	3	0	0	0	0	0
Zotu173	1	4	0	2	0	1	7	10	0	0	5	6	1	2	0	10	0	0	0	13	1	1	12	0	2	0	8	0	0	0	0	0
Zotu192	3	1	6	12	1	8	0	2	14	1	1	0	2	0	8	1	1	3	0	15	1	1	0	0	0	3	3	1	0	1	0	0
Zotu370	2	0	0	0	0	0	0	0	0	0	0	2	0	0	9	6	0	0	0	0	0	0	6	0	2	0	0	0	0	0	0	0
Zotu270	1	2	0	0	0	0	49	0	0	0	0	0	0	0	0	0	0	0	0	0	8	0	0	0	0	0	0	0	0	0	0	0
Zotu822	1	0	0	0	0	0	0	0	0	0	0	0	0	0	0	4	0	0	0	0	0	0	2	0	2	0	0	0	0	0	0	0
Zotu679	1	0	0	0	0	0	0	0	0	0	0	0	0	1	0	5	0	0	0	0	0	0	3	0	0	0	4	0	0	0	0	0
Zotu349	1	0	0	0	0	0	0	0	0	0	0	1	0	0	0	3	0	0	0	0	0	0	10	0	11	0	4	2	0	0	0	0
Zotu765	1	0	0	0	0	0	0	0	0	0	0	1	0	0	0	2	0	0	0	0	0	0	5	0	1	0	0	0	0	0	0	0
Zotu273	1	0	0	0	0	0	0	0	0	0	0	3	0	1	0	17	0	0	0	0	0	0	8	0	6	0	10	1	0	0	0	0
Zotu596	1	0	0	0	0	0	0	0	0	0	0	0	0	1	5	1	0	0	0	0	3	0	0	0	2	0	2	0	0	0	0	0
Zotu792	1	0	0	1	0	0	0	0	1	0	0	0	1	0	0	1	0	1	0	2	1	1	0	0	0	0	0	0	0	1	0	0
Zotu326	1	0	0	1	0	0	0	0	0	0	5	0	0	1	0	8	0	0	0	0	0	0	10	0	0	7	5	0	0	0	1	0
Zotu516	2	0	0	0	0	0	0	0	0	0	0	0	0	0	0	2	0	0	0	0	0	0	3	0	4	0	4	0	0	0	0	0
Zotu116	1	3	3	27	0	0	2	13	22	1	1	4	10	3	7	18	0	0	0	18	8	0	3	0	4	1	4	1	0	3	0	2
Zotu138	1	3	0	15	1	8	4	11	16	1	1	4	1	1	22	6	0	0	0	10	2	0	5	0	6	7	10	4	0	5	2	1
Zotu663	1	0	0	0	0	0	0	0	0	0	0	1	0	0	0	17	0	0	0	0	0	0	3	0	0	0	1	0	0	0	0	0
Zotu288	1	0	1	1	0	3	6	1	3	2	3	4	3	0	5	7	0	1	0	2	1	0	3	0	3	0	1	1	0	1	2	0
Zotu249	1	0	0	0	0	0	0	0	0	0	0	4	0	2	4	10	0	0	0	0	3	0	5	0	13	0	6	2	0	0	0	0
Zotu121	1	2	0	7	0	1	12	4	20	0	2	4	0	3	0	7	1	4	0	18	3	5	3	0	32	6	14	3	0	0	2	0
Zotu590	1	0	0	0	0	0	0	0	0	0	0	3	0	1	0	3	0	0	0	0	1	0	3	0	6	0	5	0	0	0	0	0
Zotu789	1	0	0	0	0	0	0	0	0	0	0	1	0	0	0	1	0	0	0	0	0	0	1	0	8	0	1	0	0	0	0	0
Zotu723	1	1	0	0	0	0	0	0	0	1	1	1	0	0	0	0	0	0	0	0	0	0	0	0	4	0	1	0	0	0	0	0
Zotu379	1	0	0	0	0	0	0	0	0	0	0	5	0	2	0	0	0	0	0	0	0	0	7	0	4	0	3	6	0	0	0	0
Zotu522	1	1	1	1	2	0	1	0	3	0	1	0	1	2	1	0	0	0	0	6	0	0	0	0	0	6	1	0	0	0	0	1
Zotu350	1	0	0	0	0	0	0	0	0	0	0	2	0	0	0	18	0	0	0	0	0	0	2	0	0	3	9	2	0	0	0	0
Zotu4	0	4156	583	1291	2654	416	340	13413	1028	652	4665	0	2537	0	2121	2832	16	526	4903	777	17100	1603	7	2523	2437	1541	6466	25215	91	255	7280	31
Zotu43	0	108	4	12	23	16	43	53	1	19	20	0	64	0	18	24	0	26	97	38	48	29	0	77	0	15	65	269	3	12	54	0
Zotu113	0	10	0	0	2	0	139	0	0	0	0	0	33	0	0	0	0	0	0	0	0	0	0	3	0	0	16	7	0	4	0	0
Zotu606	0	1	0	0	0	0	2	3	4	0	0	0	0	0	2	1	0	0	0	0	0	0	0	1	0	1	1	0	0	0	1	0
Zotu63	0	70	3	0	27	28	36	0	0	18	11	0	16	5	0	0	0	29	24	0	3	55	0	28	8	0	50	0	9	24	30	0
Zotu201	0	15	0	5	0	0	0	0	1	0	0	5	0	0	3	17	1	0	0	0	7	0	10	0	2	0	0	8	0	0	0	0
Zotu35	0	136	0	20	216	64	0	37	0	13	0	0	143	0	35	0	0	29	11	0	59	81	0	410	4	36	21	82	1	5	51	0
Zotu246	0	2	1	1	0	5	0	5	9	0	3	0	4	0	2	3	0	2	0	1	0	1	2	0	0	7	7	0	0	0	0	0
Zotu573	0	1	0	0	0	1	0	0	1	0	0	0	3	0	1	0	0	0	0	6	0	0	0	0	0	5	0	0	0	0	0	0
Zotu268	0	4	0	0	2	0	0	0	0	0	0	0	0	0	4	0	0	0	30	0	0	0	0	0	0	0	0	4	0	0	0	0
Zotu490	0	1	0	1	0	1	1	4	3	0	0	0	6	0	5	0	1	0	0	0	1	1	3	0	1	0	0	0	0	1	0	0
Zotu170	0	4	0	18	0	1	0	1	30	4	0	0	8	0	5	0	0	1	0	1	1	4	1	0	2	2	4	1	0	1	0	0
Zotu34	0	18	3	71	4	0	33	29	97	5	39	1	10	10	1203	0	2	2	0	51	5	9	0	0	0	105	0	0	1	15	10	2
Zotu204	0	3	1	2	2	2	0	4	0	1	3	0	7	2	15	13	2	4	0	0	2	1	1	0	7	0	3	2	0	0	0	0
Zotu622	0	4	0	0	0	0	0	0	0	0	0	0	0	0	0	0	0	0	0	0	0	0	0	0	0	0	15	0	6	0	0	0
Zotu612	0	3	0	0	0	3	24	0	0	0	0	0	0	0	0	0	0	0	0	0	0	0	0	0	0	0	0	0	0	0	0	0
Zotu297	0	1	1	7	1	1	4	4	10	0	5	0	2	0	2	0	0	2	0	12	0	3	2	0	0	17	1	3	0	4	0	0
Zotu639	0	2	0	0	0	1	0	2	0	0	0	0	1	0	4	0	0	4	0	0	0	0	0	0	0	0	0	0	0	0	0	0
Zotu405	0	3	0	0	0	1	0	1	3	0	1	0	1	0	2	3	0	0	0	9	1	0	0	0	0	0	1	0	0	0	0	0
Zotu102	0	2	1	14	0	5	7	7	33	6	10	2	13	2	16	15	3	5	0	10	6	14	8	0	19	24	6	1	1	2	1	1
Zotu99	0	2	0	0	0	0	0	0	0	0	0	0	0	2	0	0	0	216	0	0	0	0	0	0	0	0	0	0	0	0	0	0
Zotu119	0	7	0	0	0	0	0	0	0	0	0	0	0	0	0	1	0	0	0	0	60	0	0	1	0	39	6	58	0	0	2	0
Zotu282	0	1	0	0	2	1	1	0	11	0	0	0	5	3	0	16	0	0	0	0	0	4	0	0	0	0	0	1	0	0	0	0
Zotu231	0	2	0	0	0	2	1	0	20	0	0	0	3	0	0	2	2	3	0	8	2	0	6	0	0	0	4	0	0	4	0	0
Zotu314	0	1	1	0	0	3	1	3	4	0	0	1	0	0	7	6	1	0	0	4	0	0	1	0	3	1	5	1	0	5	0	0
Zotu284	0	1	0	0	2	0	0	1	9	4	0	1	0	5	0	0	0	1	0	0	7	0	0	0	14	0	0	0	0	2	0	0
Zotu134	0	3	0	8	2	5	6	3	31	7	16	0	2	0	9	3	4	1	0	4	2	10	5	0	0	8	2	3	2	0	0	0
Zotu619	0	2	0	6	0	0	0	0	0	1	0	0	0	0	0	0	0	0	0	0	0	3	0	0	1	4	0	0	0	1	0	0
Zotu607	0	1	0	1	0	0	0	1	5	0	0	0	1	0	0	0	0	1	0	1	0	0	0	0	1	5	1	0	0	0	0	0
Zotu315	0	2	0	0	1	0	2	1	14	3	2	0	0	0	2	2	0	0	0	3	3	1	1	0	1	3	2	0	0	0	0	1
Zotu697	0	1	3	4	0	1	1	0	1	0	0	0	0	0	1	2	0	0	0	9	0	0	1	0	1	0	0	0	0	0	1	0
Zotu609	0	2	0	1	0	3	1	3	1	0	0	0	0	0	0	3	0	0	0	0	0	2	0	0	0	4	0	4	0	0	0	1
Zotu101	0	3	0	44	3	0	16	2	38	0	38	0	2	0	0	0	0	6	20	0	0	20	0	0	0	32	0	0	1	5	0	0
Zotu470	0	1	0	0	0	0	0	0	0	0	0	1	20	0	0	0	0	0	0	0	0	0	0	0	0	0	0	0	0	0	0	0
Zotu348	0	1	0	0	2	0	0	0	0	0	0	0	1	0	0	0	0	0	0	0	0	0	0	32	0	0	0	0	0	0	0	0
Zotu472	0	1	0	2	2	1	1	1	4	1	0	0	0	1	0	0	2	0	0	1	0	0	0	0	2	15	0	0	0	0	0	0
Zotu257	0	1	0	3	0	0	1	2	7	0	8	1	0	0	7	0	0	0	0	0	1	4	0	0	1	9	0	1	0	0	0	0
Zotu228	0	3	0	3	0	0	0	4	12	0	0	0	4	0	1	1	3	3	1	3	1	3	3	0	0	5	2	1	0	0	0	3
Zotu483	0	2	0	1	0	0	0	0	4	0	8	0	0	0	2	0	0	0	0	0	0	1	0	0	0	9	0	0	0	0	0	1
Zotu688	0	1	0	1	0	0	0	1	1	0	0	0	0	0	1	1	0	0	0	0	0	1	2	0	0	0	0	0	0	0	0	0
Zotu383	0	1	0	0	0	0	0	0	0	0	0	2	0	3	0	5	0	0	0	0	0	0	4	0	1	0	2	5	0	0	0	0
Zotu368	0	1	0	3	0	5	0	6	3	2	0	0	0	0	0	1	0	1	0	1	1	1	3	0	0	2	0	1	0	0	0	1
Zotu691	0	2	0	0	0	3	0	1	0	0	0	0	0	0	0	0	0	0	0	4	0	0	0	0	0	2	0	0	0	0	0	0
Zotu423	0	1	0	0	0	0	0	0	0	0	0	0	0	0	0	6	0	0	0	0	0	0	11	0	0	4	0	0	0	0	0	0
Zotu183	0	5	2	0	1	9	2	2	10	4	9	0	3	0	2	1	3	6	0	0	2	9	3	0	0	4	2	0	0	0	2	0
Zotu692	0	3	1	0	0	0	0	5	0	1	0	0	0	0	0	0	0	0	0	0	0	0	0	0	1	0	0	0	1	0	0	0
Zotu717	0	1	0	0	0	0	0	0	0	0	0	1	1	0	0	0	0	0	0	11	0	0	1	0	0	0	1	0	0	1	0	1
Zotu48	0	1	0	6	0	0	0	0	0	0	0	0	0	1	0	0	0	0	0	0	986	0	0	0	0	0	0	14	0	0	0	0
Zotu429	0	1	0	0	0	1	1	0	1	0	1	0	0	0	1	7	1	0	0	2	3	0	0	0	1	2	1	4	1	0	0	0
Zotu303	0	2	1	2	0	1	0	2	4	0	7	2	0	0	2	1	0	0	0	16	0	3	0	1	0	1	0	1	0	0	0	0
Zotu385	0	1	0	0	0	4	0	1	0	0	7	0	0	0	0	0	0	0	0	0	0	1	0	0	0	31	0	0	0	0	0	0
Zotu301	0	1	0	0	0	0	0	0	0	0	0	0	0	0	0	0	0	0	0	0	0	0	0	0	32	0	0	0	0	0	0	0
Zotu547	0	3	0	0	0	0	0	0	0	0	0	0	0	0	1	5	1	0	0	1	1	4	0	0	0	0	0	0	0	1	0	0
Zotu232	0	1	0	8	0	0	0	0	1	1	0	2	0	0	12	3	0	0	3	1	0	0	8	1	0	9	5	0	0	5	0	0
Zotu194	0	1	2	10	0	1	1	2	20	1	4	1	0	0	10	1	0	0	0	6	0	2	1	0	6	1	1	5	0	3	0	3
Zotu738	0	1	0	0	0	0	0	0	0	0	0	0	0	0	0	2	0	0	0	0	0	0	1	0	9	0	0	0	0	0	0	0
Zotu111	0	1	0	0	0	0	195	0	0	0	0	0	0	0	0	0	0	0	0	0	0	0	0	0	0	0	0	0	6	7	0	0
Zotu461	0	2	1	1	0	0	0	0	1	0	1	0	0	0	1	1	0	1	0	1	0	2	1	0	1	2	1	1	0	0	0	1
Zotu449	0	1	0	0	0	0	0	0	0	0	0	0	0	0	0	0	0	0	0	0	0	0	0	1	18	0	0	0	0	0	0	0
Zotu17	0	0	2914	0	0	0	4	0	0	0	0	0	19	414	0	0	0	7	0	0	1380	0	0	17	0	0	1228	0	0	0	0	0
Zotu359	0	0	1	6	0	2	0	1	2	0	0	0	1	0	9	6	1	0	0	3	1	0	0	0	7	2	0	6	1	1	0	0
Zotu352	0	0	1	0	0	0	0	0	0	0	0	0	0	0	0	0	0	4	0	0	0	0	0	0	0	26	0	0	0	1	0	0
Zotu811	0	0	1	0	0	1	0	0	0	0	2	0	0	0	0	0	0	0	0	0	0	2	2	0	0	0	0	0	1	0	1	0
Zotu309	0	0	1	0	0	7	0	15	16	0	0	0	3	0	0	0	0	0	0	0	0	0	0	0	0	0	0	0	0	0	0	0
Zotu601	0	0	1	4	0	0	0	0	2	1	0	0	0	0	0	0	0	0	0	0	1	0	1	0	0	0	1	0	0	2	0	0
Zotu644	0	0	2	1	0	1	0	1	8	0	0	0	0	0	0	1	0	0	0	0	1	0	0	0	2	0	1	0	0	2	1	1
Zotu536	0	0	2	0	0	0	0	0	5	1	0	0	1	0	2	0	0	0	0	2	0	1	0	0	0	0	3	0	0	0	0	0
Zotu797	0	0	2	0	0	0	0	0	0	0	0	0	0	0	0	0	0	0	0	1	0	0	0	0	0	7	0	0	0	0	0	0
Zotu325	0	0	1	9	0	0	0	0	24	0	0	0	0	0	3	2	0	0	0	0	0	0	0	0	1	0	0	0	0	0	0	0
Zotu9	0	0	1	0	0	0	0	0	0	0	0	0	0	0	0	0	14663	0	0	0	0	0	0	0	0	0	0	0	0	0	0	0
Zotu337	0	0	1	0	0	0	14	1	0	0	0	0	1	1	0	7	0	0	0	8	0	0	1	0	0	0	0	2	0	0	0	0
Zotu175	0	0	1	14	0	11	10	1	13	2	3	0	1	0	11	0	0	0	0	14	1	3	1	0	3	2	1	1	1	1	0	0
Zotu171	0	0	1	0	0	0	0	0	0	0	0	0	8	0	0	0	0	0	0	0	9	0	1	0	27	0	4	48	0	0	3	0
Zotu28	0	0	1	0	0	0	0	0	0	0	0	0	0	2019	0	5	0	0	0	0	0	0	32	0	53	0	1	0	3	49	0	0
Zotu395	0	0	1	3	0	4	0	1	3	0	0	0	0	0	0	5	0	1	0	4	0	2	1	0	0	2	1	0	0	1	0	0
Zotu803	0	0	1	0	0	0	0	2	1	0	0	0	0	0	0	0	0	1	0	4	0	0	0	0	0	0	0	0	0	0	0	0
Zotu551	0	0	1	3	1	0	1	0	4	2	0	0	0	0	4	1	0	0	0	0	0	1	0	0	0	4	1	0	0	0	0	0
Zotu292	0	0	1	4	0	3	5	0	10	2	5	0	2	0	0	1	0	1	0	9	1	1	2	0	1	5	2	2	0	0	0	0
Zotu510	0	0	0	5	0	0	1	1	4	0	0	0	0	0	2	0	0	0	0	1	0	0	0	0	0	4	0	0	0	0	0	0
Zotu496	0	0	0	3	0	1	0	0	4	0	0	0	1	0	3	5	0	0	1	0	0	0	1	0	2	0	0	3	0	0	0	1
Zotu762	0	0	0	6	0	0	0	1	0	0	0	4	0	0	2	4	0	1	0	0	1	0	6	0	2	0	5	0	0	0	0	1
Zotu331	0	0	0	11	0	0	2	0	0	0	0	2	0	0	0	5	0	1	0	1	7	0	0	0	4	0	1	4	0	1	0	0
Zotu415	0	0	0	5	0	0	0	0	4	0	0	0	0	1	1	2	0	0	0	1	2	0	7	0	1	0	0	2	1	0	0	0
Zotu177	0	0	0	93	0	0	0	0	0	0	0	0	0	0	0	0	0	0	0	0	0	0	0	0	0	0	0	0	0	0	0	0
Zotu172	0	0	0	11	0	2	7	0	2	0	16	1	0	0	15	6	0	1	1	12	3	1	1	0	7	5	1	0	1	1	0	0
Zotu158	0	0	0	5	0	2	3	4	20	0	3	0	2	1	5	3	1	1	0	25	0	2	1	0	1	9	2	2	0	2	3	1
Zotu509	0	0	0	16	0	0	0	0	0	0	0	0	0	0	0	0	0	0	0	0	0	0	0	0	0	0	0	0	0	0	0	0
Zotu748	0	0	0	6	0	0	0	1	0	2	8	0	1	1	2	0	0	0	0	8	0	0	0	0	0	0	0	0	0	2	0	0
Zotu763	0	0	0	4	0	0	0	0	0	0	2	0	0	0	0	0	0	0	0	2	0	1	0	0	0	0	0	0	0	0	0	0
Zotu631	0	0	0	6	0	0	0	0	0	0	0	0	0	0	2	3	0	0	0	1	0	0	0	0	2	0	2	3	0	0	0	0
Zotu299	0	0	0	2	1	0	0	1	4	0	4	0	0	0	0	6	0	0	0	5	1	0	0	0	0	17	0	9	0	0	0	0
Zotu280	0	0	0	14	0	7	1	2	2	0	0	0	5	1	4	2	0	0	0	5	1	0	0	0	0	3	0	0	0	0	1	0
Zotu599	0	0	0	13	0	0	0	0	0	0	0	0	0	0	0	0	0	0	0	0	0	0	0	0	0	0	0	0	0	0	0	0
Zotu272	0	0	0	1	0	0	0	0	0	0	8	0	0	0	0	0	0	1	0	23	0	0	0	0	7	0	4	3	0	2	0	0
Zotu499	0	0	0	14	3	0	0	0	0	0	0	0	3	0	0	0	0	0	0	0	2	0	0	0	0	0	0	0	0	0	0	0
Zotu217	0	0	0	3	0	0	0	0	0	0	0	0	0	0	0	0	2	0	0	0	1	0	0	5	0	0	54	0	0	0	8	0
Zotu475	0	0	0	19	0	0	0	0	0	0	0	0	0	0	0	0	0	0	0	0	0	0	0	0	0	0	0	0	0	0	0	0
Zotu733	0	0	0	7	0	0	0	2	0	0	0	0	0	0	0	0	0	0	0	0	0	0	0	0	0	0	0	0	0	0	0	0
Zotu780	0	0	0	11	0	0	1	0	1	0	0	0	0	0	2	0	0	0	0	0	0	0	0	0	1	0	0	0	0	0	0	0
Zotu481	0	0	0	2	0	0	0	0	0	0	0	0	0	0	0	4	0	0	0	0	0	0	3	0	11	0	3	0	0	0	0	0
Zotu402	0	0	0	4	0	2	0	0	3	0	0	1	1	1	0	0	0	0	0	1	0	2	0	0	0	3	1	3	0	2	0	0
Zotu122	0	0	0	1	0	0	172	0	0	0	0	8	0	0	0	0	0	0	0	0	0	0	0	0	0	0	0	0	0	2	0	0
Zotu358	0	0	0	6	0	5	0	1	11	0	4	1	0	1	2	1	0	0	0	1	0	0	0	0	4	10	2	0	0	0	0	0
Zotu302	0	0	0	18	3	2	0	0	0	0	1	0	1	1	0	1	0	0	0	4	0	3	0	0	1	2	0	0	0	1	1	1
Zotu708	0	0	0	10	0	0	0	0	0	0	0	0	0	0	0	0	0	0	0	0	0	0	0	0	0	0	0	0	0	0	0	0
Zotu587	0	0	0	14	0	0	0	0	0	0	0	0	0	0	0	0	0	0	0	0	0	0	0	0	0	0	0	0	0	0	0	0
Zotu434	0	0	0	3	0	4	1	3	2	0	0	0	0	0	6	3	0	0	0	0	1	0	0	0	0	1	0	0	0	0	0	0
Zotu580	0	0	0	1	0	1	0	0	0	0	0	0	0	0	1	4	0	0	1	4	0	0	0	0	4	0	1	4	0	1	0	0
Zotu413	0	0	0	2	0	1	1	4	0	0	0	0	0	0	5	0	0	0	0	0	0	0	4	0	0	2	1	0	0	1	0	0
Zotu238	0	0	0	7	0	1	0	4	3	3	3	1	1	2	16	9	1	1	1	5	0	0	0	0	7	5	5	2	0	1	1	0
Zotu597	0	0	0	2	0	0	0	0	4	0	1	0	3	0	0	0	0	0	0	0	0	0	0	0	3	0	0	0	0	0	0	0
Zotu316	0	0	0	2	0	1	0	4	1	2	0	1	1	1	0	15	0	0	0	0	0	4	2	0	3	2	1	0	0	0	0	2
Zotu476	0	0	0	2	0	0	3	0	1	0	0	0	0	0	0	3	0	1	1	4	0	0	2	0	0	0	1	1	0	1	1	0
Zotu341	0	0	0	8	0	2	0	0	7	0	0	2	6	0	1	0	0	0	0	0	0	0	0	0	2	19	1	1	0	1	0	0
Zotu189	0	0	0	8	2	0	2	14	0	3	8	0	2	0	3	1	0	0	0	9	1	1	0	0	1	16	2	1	0	0	5	2
Zotu741	0	0	0	1	0	0	0	1	3	0	0	0	0	0	0	0	0	0	0	5	0	0	0	0	0	0	0	0	0	0	0	0
Zotu435	0	0	0	8	0	1	0	0	3	0	3	0	3	0	3	1	0	0	0	3	3	0	0	0	0	0	0	0	0	0	0	0
Zotu610	0	0	0	8	0	0	0	0	0	0	0	0	0	0	0	0	0	6	0	0	0	0	0	0	0	0	0	0	0	0	0	0
Zotu493	0	0	0	1	0	0	0	0	0	0	0	0	0	0	0	0	0	0	0	13	0	0	0	0	0	0	1	0	0	1	0	0
Zotu635	0	0	0	2	1	0	0	1	0	0	0	0	2	0	0	0	0	0	0	3	1	1	0	0	1	0	0	0	0	0	0	0
Zotu632	0	0	0	4	0	0	0	0	0	0	0	0	0	0	0	0	0	0	0	9	0	0	0	0	0	0	0	0	0	0	0	0
Zotu598	0	0	0	3	0	0	0	2	0	0	0	0	0	1	0	0	0	0	0	0	0	4	0	0	0	0	0	0	0	2	0	0
Zotu363	0	0	0	9	0	1	0	2	4	0	0	0	1	0	0	0	0	1	0	1	0	4	0	0	2	1	0	0	0	0	0	0
Zotu200	0	0	0	2	0	0	0	10	28	0	0	0	0	0	4	10	0	0	0	1	1	0	6	0	3	1	12	3	0	1	0	1
Zotu602	0	0	0	5	0	2	0	0	5	0	0	0	0	0	0	0	0	0	0	0	0	0	0	0	0	2	0	0	0	4	0	0
Zotu430	0	0	0	2	0	0	0	0	0	0	0	1	0	0	0	12	0	0	0	0	1	0	0	0	1	1	0	0	0	0	0	0
Zotu504	0	0	0	1	0	0	0	3	3	0	0	1	0	0	6	1	0	0	0	4	2	0	0	0	0	2	2	0	0	1	0	0
Zotu259	0	0	0	1	0	1	0	0	0	0	5	5	0	1	2	7	1	4	0	1	4	0	11	0	4	0	3	2	0	0	0	0
Zotu830	0	0	0	2	0	0	0	1	2	0	0	0	0	0	0	0	0	0	0	0	1	0	0	3	0	0	0	1	0	0	0	0
Zotu788	0	0	0	3	0	0	0	0	1	0	0	0	0	0	0	0	0	0	0	0	0	1	3	0	0	0	0	0	0	0	0	1
Zotu240	0	0	0	1	0	0	58	0	0	0	0	0	1	0	0	0	0	0	0	0	0	0	0	0	0	0	0	0	0	0	0	0
Zotu212	0	0	0	1	1	4	8	3	2	2	0	0	12	0	3	9	0	4	0	1	2	2	0	0	11	1	0	3	0	0	0	0
Zotu786	0	0	0	4	0	1	0	0	5	0	0	0	0	0	0	0	0	0	0	0	0	0	0	0	0	0	0	0	0	0	0	0
Zotu233	0	0	0	1	0	1	0	0	1	2	14	0	0	2	9	0	0	0	0	12	0	6	4	1	1	1	0	0	1	0	1	0
Zotu711	0	0	0	1	0	4	0	0	0	0	0	0	1	0	0	0	0	0	0	1	0	1	0	0	2	5	1	0	0	0	0	2
Zotu419	0	0	0	3	0	0	0	0	21	0	0	0	0	0	1	0	0	0	0	0	0	0	0	0	0	0	0	0	0	0	0	0
Zotu506	0	0	0	1	0	0	0	0	19	0	0	0	0	0	0	0	0	0	0	0	0	0	0	0	0	0	2	0	0	0	0	0
Zotu807	0	0	0	3	0	0	0	0	0	0	0	0	1	0	0	2	0	4	0	1	0	0	0	0	1	0	0	0	1	0	0	0
Zotu428	0	0	0	2	0	0	1	0	6	3	5	0	0	0	0	2	0	0	0	0	0	1	3	0	0	0	0	0	0	3	0	0
Zotu340	0	0	0	2	0	0	0	0	8	0	0	0	0	0	6	0	2	0	0	0	1	0	3	0	1	0	8	0	0	2	0	0
Zotu808	0	0	0	2	0	1	0	0	0	0	0	0	0	1	0	0	0	0	0	0	0	0	0	0	2	0	6	0	0	0	0	0
Zotu515	0	0	0	1	0	0	0	1	2	0	1	1	0	0	3	0	0	0	0	0	1	0	6	0	1	3	0	0	0	0	0	0
Zotu548	0	0	0	1	0	0	0	0	0	0	0	0	0	0	0	0	0	0	0	14	0	0	0	0	0	0	0	0	0	0	0	0
Zotu466	0	0	0	1	0	0	0	0	0	0	0	0	0	0	0	0	0	0	0	3	0	0	10	0	3	0	1	0	0	0	0	0
Zotu636	0	0	0	2	0	0	9	0	1	0	0	0	0	0	5	1	0	0	0	5	0	0	0	0	0	0	0	0	0	0	0	0
Zotu527	0	0	0	2	0	0	1	0	0	2	4	0	0	0	0	0	0	0	0	3	2	2	0	0	0	1	0	0	0	0	0	0
Zotu178	0	0	0	0	3	0	15	0	0	0	0	1	13	1	0	1	0	0	7	0	6	6	17	0	4	0	5	6	0	0	1	1
Zotu381	0	0	0	0	2	0	36	0	0	0	0	0	1	0	0	0	0	0	9	0	0	0	0	0	0	0	0	3	0	0	0	0
Zotu766	0	0	0	0	1	0	0	0	0	0	0	1	0	0	0	2	0	0	0	4	0	0	0	0	3	1	0	2	0	0	0	0
Zotu755	0	0	0	0	8	0	0	0	0	0	0	0	0	0	0	0	0	0	0	0	0	0	0	0	0	0	0	0	0	0	0	0
Zotu480	0	0	0	0	5	0	0	0	0	0	0	2	0	5	0	0	0	0	1	0	4	0	0	0	0	0	8	2	0	0	0	0
Zotu26	0	0	0	0	3	0	233	0	0	16	0	0	0	8	0	0	0	0	0	0	2948	0	8	0	0	0	2	0	0	0	0	0
Zotu367	0	0	0	0	2	0	0	0	0	0	0	0	9	0	1	0	0	0	0	8	0	3	0	0	0	1	2	0	0	1	0	0
Zotu526	0	0	0	0	2	1	0	0	6	1	0	0	0	0	0	0	0	2	0	2	1	0	0	0	0	0	0	0	0	0	0	0
Zotu298	0	0	0	0	1	0	0	0	0	0	0	0	0	0	0	0	0	0	34	1	0	0	0	0	0	1	0	0	6	0	0	0
Zotu347	0	0	0	0	1	0	3	0	10	1	3	0	0	0	0	0	0	1	0	1	0	1	0	0	5	0	4	0	0	0	0	0
Zotu37	0	0	0	0	1	0	7	0	0	0	0	4	1402	0	0	0	0	0	3	0	2	0	0	0	0	0	0	0	0	0	0	0
Zotu161	0	0	0	0	2	0	27	0	0	0	0	0	20	0	0	0	0	0	0	0	0	0	0	0	0	0	0	4	0	0	67	0
Zotu563	0	0	0	0	0	8	0	0	0	0	0	0	0	0	0	0	0	0	0	0	0	0	1	0	0	0	5	1	0	0	0	0
Zotu211	0	0	0	0	0	9	0	0	0	0	0	0	7	0	20	0	0	0	0	0	0	0	0	0	0	23	0	6	0	0	0	2
Zotu408	0	0	0	0	0	8	0	1	8	0	0	1	0	0	0	3	0	0	0	0	0	0	0	0	3	0	9	0	0	1	0	0
Zotu327	0	0	0	0	0	1	0	6	11	0	0	0	2	0	0	11	0	0	0	0	0	0	0	0	0	2	0	2	0	0	0	0
Zotu389	0	0	0	0	0	26	0	0	0	0	0	0	0	0	0	0	0	0	0	0	0	0	0	0	0	0	0	0	0	0	0	0
Zotu513	0	0	0	0	0	14	0	0	0	0	0	0	0	0	0	0	0	0	0	0	0	0	0	0	0	0	0	0	0	0	0	0
Zotu463	0	0	0	0	0	1	0	0	0	0	0	0	1	0	0	0	0	0	0	0	2	0	3	0	7	0	3	0	0	0	0	0
Zotu422	0	0	0	0	0	4	0	5	2	0	2	0	0	0	1	2	0	0	0	0	1	0	2	0	2	6	0	1	0	0	0	0
Zotu690	0	0	0	0	0	4	0	5	0	0	0	1	1	0	0	0	0	2	0	0	0	0	1	0	0	1	0	0	0	0	0	0
Zotu805	0	0	0	0	0	2	0	2	1	0	0	0	4	0	0	4	0	0	0	3	0	0	0	0	0	0	1	0	0	0	0	1
Zotu403	0	0	0	0	0	2	0	0	0	0	0	1	0	1	0	9	0	0	0	0	0	0	0	0	0	0	9	0	0	0	0	0
Zotu680	0	0	0	0	0	1	0	3	3	0	1	0	0	0	6	5	0	0	0	0	1	0	4	0	0	5	0	0	0	0	0	0
Zotu482	0	0	0	0	0	3	0	3	0	2	3	1	3	0	0	0	0	0	0	1	0	0	2	0	0	4	3	2	0	0	0	0
Zotu564	0	0	0	0	0	1	1	0	0	2	0	0	1	1	0	8	0	0	0	1	0	0	0	0	1	4	0	0	0	0	0	0
Zotu457	0	0	0	0	0	3	0	0	0	0	0	0	0	0	7	6	0	0	0	3	3	0	0	0	0	0	1	0	0	0	0	0
Zotu487	0	0	0	0	0	2	2	0	1	0	0	0	0	1	1	0	3	0	0	6	1	0	0	0	0	0	2	0	0	0	0	3
Zotu544	0	0	0	0	0	1	0	0	0	0	0	0	0	0	0	0	0	0	0	4	2	0	0	0	0	11	0	0	0	0	0	0
Zotu184	0	0	0	0	0	0	74	0	0	0	0	0	0	0	0	0	0	0	0	10	0	0	0	0	0	0	0	0	0	0	0	0
Zotu274	0	0	0	0	0	0	38	0	0	0	0	0	0	0	0	0	0	0	0	0	3	0	0	0	0	0	0	0	0	0	0	0
Zotu126	0	0	0	0	0	0	136	0	0	0	0	0	2	0	0	0	0	0	0	0	0	0	0	0	0	0	0	0	0	0	37	0
Zotu269	0	0	0	0	0	0	46	0	0	0	0	0	0	0	0	0	0	0	0	0	0	0	0	0	0	0	0	0	0	0	0	0
Zotu275	0	0	0	0	0	0	22	0	0	0	0	0	0	0	0	0	0	0	0	0	0	0	0	0	0	0	0	0	0	0	29	0
Zotu458	0	0	0	0	0	0	21	0	0	0	0	0	0	0	0	0	0	0	0	0	0	0	0	0	0	0	0	0	0	0	0	0
Zotu313	0	0	0	0	0	0	35	0	0	0	0	0	0	0	0	0	1	0	0	0	0	0	0	0	1	0	0	0	0	0	0	0
Zotu157	0	0	0	0	0	0	115	0	0	0	0	1	0	0	0	0	0	0	0	0	0	0	0	0	0	0	0	0	0	0	0	0
Zotu149	0	0	0	0	0	0	72	3	0	37	1	1	1	0	2	0	0	2	0	4	0	3	0	2	0	3	0	0	0	0	0	0
Zotu570	0	0	0	0	0	0	20	0	0	0	0	0	0	0	0	0	0	0	0	0	0	0	0	0	0	0	0	0	0	0	0	0
Zotu241	0	0	0	0	0	0	62	0	0	0	0	0	0	0	0	0	0	0	0	0	0	0	0	0	0	0	0	0	0	0	0	0
Zotu336	0	0	0	0	0	0	34	0	0	0	0	0	0	0	0	0	0	0	0	0	0	0	0	0	0	0	0	0	0	0	0	0
Zotu219	0	0	0	0	0	0	67	0	0	0	0	0	0	0	0	0	0	1	0	0	0	0	0	0	0	0	0	0	0	2	0	0
Zotu456	0	0	0	0	0	0	17	0	0	0	0	0	0	0	0	0	0	0	0	0	0	0	0	3	0	0	0	0	2	7	0	0
Zotu155	0	0	0	0	0	0	61	0	0	0	0	0	11	0	0	0	0	0	0	0	0	0	0	0	0	0	0	1	0	0	50	0
Zotu247	0	0	0	0	0	0	51	0	0	0	0	0	0	0	0	0	0	0	0	0	0	0	0	0	0	0	0	0	0	0	0	0
Zotu186	0	0	0	0	0	0	72	0	0	0	0	2	0	0	0	0	0	0	0	0	0	0	0	0	0	0	0	0	0	3	0	0
Zotu400	0	0	0	0	0	0	23	0	0	0	0	0	0	0	0	0	0	0	0	0	0	0	0	0	0	0	0	0	0	0	0	0
Zotu251	0	0	0	0	0	0	47	0	0	0	0	0	0	0	0	0	0	0	0	0	0	0	0	0	0	0	0	0	0	0	0	0
Zotu555	0	0	0	0	0	0	25	0	0	0	0	0	0	0	0	0	0	0	0	0	0	0	0	0	0	0	0	0	0	0	0	0
Zotu207	0	0	0	0	0	0	70	0	0	0	0	0	0	0	0	0	0	0	0	0	0	0	0	0	0	0	0	0	0	0	0	0
Zotu220	0	0	0	0	0	0	63	0	0	0	0	0	0	0	0	0	0	0	0	0	0	0	0	0	0	0	0	0	9	0	0	0
Zotu227	0	0	0	0	0	0	59	0	0	0	0	0	0	0	0	0	0	0	0	0	0	0	0	0	0	0	0	0	0	0	0	0
Zotu312	0	0	0	0	0	0	36	0	0	0	0	0	0	0	0	0	0	0	0	0	0	0	0	0	0	0	0	0	0	0	0	0
Zotu243	0	0	0	0	0	0	50	0	0	0	0	0	0	0	0	0	0	0	0	0	0	0	0	0	0	0	0	0	0	0	0	0
Zotu637	0	0	0	0	0	0	12	0	0	0	0	0	0	0	0	0	0	0	0	0	0	0	0	0	0	0	0	0	0	0	2	0
Zotu187	0	0	0	0	0	0	77	0	0	0	0	0	0	3	0	0	0	0	0	0	0	0	0	0	0	0	0	0	1	0	0	0
Zotu715	0	0	0	0	0	0	26	0	0	0	0	0	0	0	0	0	0	0	0	0	0	0	0	0	0	0	0	0	0	0	0	0
Zotu560	0	0	0	0	0	0	2	0	0	0	0	0	0	0	0	0	0	0	0	2	0	0	2	0	1	9	3	0	0	0	0	0
Zotu600	0	0	0	0	0	0	20	0	0	0	0	0	0	0	0	0	0	0	0	0	0	0	0	0	0	0	0	0	0	0	0	0
Zotu823	0	0	0	0	0	0	10	0	0	0	0	0	0	0	0	0	0	0	0	0	4	0	0	0	0	0	0	0	0	0	0	1
Zotu152	0	0	0	0	0	0	5	0	0	0	0	0	0	0	0	0	0	127	0	0	0	0	0	0	0	0	0	0	0	0	0	0
Zotu362	0	0	0	0	0	0	6	1	0	0	0	0	0	0	0	0	0	4	0	4	0	0	14	0	0	0	3	0	0	0	0	0
Zotu355	0	0	0	0	0	0	8	1	0	0	0	1	0	0	1	0	1	0	0	8	0	0	0	0	1	0	8	5	0	0	0	0
Zotu450	0	0	0	0	0	0	1	0	18	0	0	0	0	0	0	0	0	0	0	0	0	0	0	0	0	0	2	0	0	0	0	0
Zotu127	0	0	0	0	0	0	1	0	0	0	0	0	0	0	0	0	0	0	0	0	0	0	0	0	0	0	161	0	0	0	20	0
Zotu583	0	0	0	0	0	0	4	0	0	0	3	0	0	0	0	6	0	0	0	0	0	0	0	0	1	1	1	0	0	0	0	0
Zotu646	0	0	0	0	0	0	2	0	0	0	0	1	0	0	0	7	0	2	0	0	0	1	0	0	0	0	0	0	0	0	0	0
Zotu146	0	0	0	0	0	0	2	0	0	12	0	0	0	37	0	2	0	0	0	0	6	0	4	1	36	0	0	20	0	18	2	0
Zotu712	0	0	0	0	0	0	1	1	0	4	0	1	0	0	2	0	0	0	0	0	0	2	0	0	1	0	0	3	0	0	0	0
Zotu744	0	0	0	0	0	0	2	0	0	0	0	0	0	0	0	0	0	0	0	0	0	0	0	0	0	0	0	0	0	10	0	0
Zotu454	0	0	0	0	0	0	1	1	0	0	0	1	0	3	0	7	0	0	0	0	2	0	7	0	0	0	0	0	0	0	0	0
Zotu452	0	0	0	0	0	0	1	1	1	1	0	0	3	0	0	0	1	2	0	3	1	1	0	0	2	13	2	1	0	0	0	0
Zotu512	0	0	0	0	0	0	4	1	3	1	0	0	2	0	0	1	1	0	0	2	1	0	0	0	0	1	1	0	0	1	0	0
Zotu296	0	0	0	0	0	0	0	9	20	0	0	1	0	0	0	7	0	0	0	0	0	0	0	0	0	0	0	0	0	0	0	0
Zotu640	0	0	0	0	0	0	0	12	0	0	0	0	0	0	0	0	0	0	0	0	0	0	0	0	0	0	0	0	0	0	0	0
Zotu681	0	0	0	0	0	0	0	1	1	0	0	0	4	0	3	0	0	0	0	0	1	0	0	0	0	0	0	0	0	2	0	0
Zotu719	0	0	0	0	0	0	0	2	0	0	0	0	0	0	3	0	0	0	0	2	0	0	0	0	0	3	0	0	0	0	0	0
Zotu453	0	0	0	0	0	0	0	1	1	1	2	0	7	0	3	0	1	0	0	1	0	1	0	0	0	2	2	0	0	2	0	0
Zotu409	0	0	0	0	0	0	0	10	0	0	0	0	0	0	0	0	0	0	0	0	0	0	0	0	0	0	0	0	0	0	23	0
Zotu255	0	0	0	0	0	0	0	4	0	15	7	0	3	0	19	0	0	0	0	0	0	0	0	0	0	0	0	0	0	1	0	4
Zotu460	0	0	0	0	0	0	0	7	1	0	0	1	0	0	0	3	0	0	0	0	0	0	12	0	0	0	0	1	0	0	0	0
Zotu534	0	0	0	0	0	0	0	6	0	0	0	0	0	0	0	5	0	0	0	0	1	0	0	0	4	0	2	0	0	0	0	0
Zotu721	0	0	0	0	0	0	0	1	1	0	0	2	0	0	2	0	0	3	0	2	0	0	1	0	0	0	0	0	0	0	0	0
Zotu281	0	0	0	0	0	0	0	7	0	0	0	0	0	0	0	0	0	37	0	0	0	0	1	0	0	0	1	0	0	0	1	0
Zotu718	0	0	0	0	0	0	0	1	0	0	0	0	0	0	0	0	0	0	0	0	0	0	0	0	0	10	0	0	0	0	0	0
Zotu819	0	0	0	0	0	0	0	1	0	0	0	0	0	0	4	0	0	0	0	0	0	0	1	0	0	2	0	0	0	0	0	0
Zotu366	0	0	0	0	0	0	0	1	14	0	0	0	3	1	0	1	0	0	0	1	3	7	2	1	2	0	2	0	0	0	0	0
Zotu753	0	0	0	0	0	0	0	1	0	0	0	1	0	2	0	3	0	0	0	0	0	0	0	0	3	0	3	3	0	0	0	0
Zotu783	0	0	0	0	0	0	0	0	11	0	0	0	0	0	0	0	0	0	0	0	0	0	0	0	0	0	0	0	0	0	0	0
Zotu286	0	0	0	0	0	0	0	0	42	0	0	0	0	0	0	0	0	0	0	0	0	0	0	0	0	0	0	0	0	0	0	0
Zotu832	0	0	0	0	0	0	0	0	11	0	0	0	0	0	0	0	0	0	0	0	0	0	0	0	0	0	0	0	0	0	0	0
Zotu258	0	0	0	0	0	0	0	0	5	12	0	0	0	0	1	0	0	0	0	0	0	0	0	1	0	23	0	0	0	3	0	1
Zotu455	0	0	0	0	0	0	0	0	13	0	0	1	0	0	0	0	0	1	0	0	0	0	4	0	1	0	4	0	0	0	0	0
Zotu750	0	0	0	0	0	0	0	0	3	0	0	0	0	0	0	0	0	0	0	9	0	0	0	0	0	5	0	0	0	0	0	0
Zotu543	0	0	0	0	0	0	0	0	13	0	0	0	0	0	0	0	0	0	0	0	0	0	0	0	0	0	1	0	0	0	0	0
Zotu507	0	0	0	0	0	0	0	0	8	0	0	0	0	0	0	0	0	0	0	0	0	0	0	0	8	0	3	0	0	0	0	0
Zotu611	0	0	0	0	0	0	0	0	2	0	0	0	0	0	0	0	0	0	0	0	0	0	0	0	0	1	0	9	0	0	0	0
Zotu542	0	0	0	0	0	0	0	0	10	0	0	0	0	0	0	2	0	0	0	6	0	0	0	0	0	0	1	0	0	0	0	0
Zotu829	0	0	0	0	0	0	0	0	3	0	0	2	0	0	0	0	0	2	0	0	0	0	0	0	0	0	1	0	0	0	0	0
Zotu740	0	0	0	0	0	0	0	0	1	0	0	0	0	0	0	0	0	0	0	0	0	0	0	0	0	9	0	0	0	0	0	0
Zotu831	0	0	0	0	0	0	0	0	3	1	0	0	0	1	0	0	0	0	0	0	0	0	0	0	3	0	0	0	0	0	0	2
Zotu495	0	0	0	0	0	0	0	0	4	0	0	0	0	0	0	0	0	0	0	0	0	0	0	0	12	0	0	0	0	0	0	0
Zotu584	0	0	0	0	0	0	0	0	1	0	0	3	0	0	13	0	0	0	0	5	0	0	0	0	0	0	0	1	0	0	0	0
Zotu307	0	0	0	0	0	0	0	0	1	0	3	1	1	1	3	5	0	0	0	8	0	0	1	0	14	4	2	0	0	2	0	0
Zotu329	0	0	0	0	0	0	0	0	1	0	2	0	0	1	0	8	0	0	0	0	2	0	0	0	9	5	5	0	0	0	0	0
Zotu514	0	0	0	0	0	0	0	0	0	7	0	0	0	0	0	0	0	0	0	0	0	10	0	0	0	0	0	0	0	0	0	0
Zotu701	0	0	0	0	0	0	0	0	0	5	0	0	0	1	0	2	0	0	0	0	0	0	0	0	0	2	2	0	0	0	0	0
Zotu230	0	0	0	0	0	0	0	0	0	2	0	0	0	0	0	0	0	0	39	0	5	0	0	0	2	0	0	9	0	0	0	0
Zotu361	0	0	0	0	0	0	0	0	0	1	0	2	0	1	0	3	0	0	0	11	3	0	6	0	12	0	5	3	0	0	0	0
Zotu5	0	0	0	0	0	0	0	0	0	0	64	470	57	3947	0	0	0	0	0	0	12	20	37139	155	0	0	543	0	75	0	2	0
Zotu833	0	0	0	0	0	0	0	0	0	0	8	0	0	0	0	0	0	0	0	0	0	0	0	0	0	0	0	0	0	0	0	0
Zotu62	0	0	0	0	0	0	0	0	0	0	8	0	0	152	0	0	0	45	0	0	0	0	0	0	0	0	0	0	288	1	0	0
Zotu524	0	0	0	0	0	0	0	0	0	0	7	0	0	0	0	0	0	0	0	0	0	1	0	0	2	0	0	5	0	0	0	0
Zotu624	0	0	0	0	0	0	0	0	0	0	14	0	0	0	0	0	0	0	0	0	0	0	0	0	0	0	0	0	0	0	0	0
Zotu835	0	0	0	0	0	0	0	0	0	0	4	0	0	0	0	0	0	0	0	6	0	0	0	0	0	0	0	0	0	0	0	0
Zotu72	0	0	0	0	0	0	0	0	0	0	0	253	0	0	0	0	0	0	0	0	0	0	0	0	0	0	0	0	101	0	0	0
Zotu836	0	0	0	0	0	0	0	0	0	0	0	7	0	0	0	1	0	0	0	0	0	0	0	0	1	0	0	0	0	0	0	0
Zotu311	0	0	0	0	0	0	0	0	0	0	0	2	0	0	0	18	0	0	0	0	0	0	4	0	0	0	17	0	0	0	0	0
Zotu567	0	0	0	0	0	0	0	0	0	0	0	5	0	1	0	13	0	0	0	0	1	0	0	0	0	0	1	0	0	0	0	0
Zotu198	0	0	0	0	0	0	0	0	0	0	0	4	0	0	0	40	0	0	0	0	5	0	0	0	16	0	2	8	0	0	0	0
Zotu465	0	0	0	0	0	0	0	0	0	0	0	5	0	0	0	1	0	0	0	0	0	0	7	0	0	0	0	6	0	0	0	0
Zotu16	0	0	0	0	0	0	0	0	0	0	0	14	0	5685	0	0	0	0	0	0	0	0	447	0	0	0	0	0	23	22	0	0
Zotu80	0	0	0	0	0	0	0	0	0	0	0	7	0	284	0	0	0	0	0	0	0	0	0	1	0	0	6	0	0	6	0	0
Zotu306	0	0	0	0	0	0	0	0	0	0	0	6	0	0	0	0	1	0	0	0	2	7	8	0	0	10	0	0	0	5	0	0
Zotu91	0	0	0	0	0	0	0	0	0	0	0	4	0	0	0	198	0	0	0	0	0	0	0	0	36	0	0	0	0	0	0	0
Zotu669	0	0	0	0	0	0	0	0	0	0	0	6	0	0	0	4	0	0	0	0	0	0	0	0	5	0	0	0	0	0	0	0
Zotu790	0	0	0	0	0	0	0	0	0	0	0	9	0	0	0	0	0	0	0	0	0	0	0	0	0	0	0	0	0	0	0	0
Zotu65	0	0	0	0	0	0	0	0	0	0	0	1	0	0	0	0	0	0	0	0	241	0	99	33	0	0	64	0	0	0	1	0
Zotu421	0	0	0	0	0	0	0	0	0	0	0	7	0	0	0	0	0	0	0	0	4	0	2	0	11	0	1	0	0	0	0	0
Zotu96	0	0	0	0	0	0	0	0	0	0	0	5	0	1	0	0	0	0	33	0	0	0	128	0	31	0	38	0	0	0	0	0
Zotu206	0	0	0	0	0	0	0	0	0	0	0	7	0	0	0	34	0	0	0	0	0	1	21	0	0	0	0	0	0	0	0	0
Zotu293	0	0	0	0	0	0	0	0	0	0	0	2	0	4	0	2	0	0	0	0	4	0	4	0	17	0	4	0	0	0	0	0
Zotu538	0	0	0	0	0	0	0	0	0	0	0	1	0	0	0	12	0	0	0	0	0	0	0	0	0	0	1	1	0	0	0	0
Zotu342	0	0	0	0	0	0	0	0	0	0	0	4	0	3	0	17	0	0	0	0	1	0	16	0	2	0	4	2	0	0	0	0
Zotu668	0	0	0	0	0	0	0	0	0	0	0	3	0	0	0	3	0	0	0	0	0	0	0	0	5	0	0	0	0	0	0	0
Zotu528	0	0	0	0	0	0	0	0	0	0	0	3	0	0	0	0	0	0	0	0	1	0	0	0	4	0	11	0	0	0	0	0
Zotu777	0	0	0	0	0	0	0	0	0	0	0	1	0	0	0	1	0	0	0	0	0	0	0	0	3	0	3	0	0	0	0	0
Zotu223	0	0	0	0	0	0	0	0	0	0	0	6	0	0	0	52	0	0	0	0	0	0	0	0	0	0	0	0	0	0	0	0
Zotu756	0	0	0	0	0	0	0	0	0	0	0	1	0	0	0	0	0	0	0	0	0	0	0	0	1	0	8	0	0	0	0	0
Zotu824	0	0	0	0	0	0	0	0	0	0	0	2	1	0	7	0	0	0	0	0	0	0	0	0	0	0	0	2	0	0	0	0
Zotu351	0	0	0	0	0	0	0	0	0	0	0	1	0	0	0	14	0	0	0	0	0	0	0	0	15	0	8	0	0	0	0	0
Zotu705	0	0	0	0	0	0	0	0	0	0	0	1	0	0	0	0	0	1	0	0	5	1	1	0	0	0	2	6	0	0	0	1
Zotu774	0	0	0	0	0	0	0	0	0	0	0	1	4	3	0	0	0	0	0	0	0	0	0	0	0	0	0	0	0	0	0	0
Zotu810	0	0	0	0	0	0	0	0	0	0	0	1	0	0	0	4	0	0	0	0	0	0	0	0	0	0	6	0	0	0	0	0
Zotu505	0	0	0	0	0	0	0	0	0	0	0	1	0	1	0	4	0	0	0	0	0	0	0	0	0	0	4	7	0	0	0	0
Zotu319	0	0	0	0	0	0	0	0	0	0	0	1	0	5	0	13	0	0	0	0	2	0	1	0	11	0	5	0	0	0	0	0
Zotu604	0	0	0	0	0	0	0	0	0	0	0	1	0	0	0	0	0	0	0	0	2	0	0	0	8	0	1	0	0	0	0	0
Zotu704	0	0	0	0	0	0	0	0	0	0	0	1	0	0	0	7	0	0	0	0	0	0	0	0	4	0	2	0	0	0	0	0
Zotu728	0	0	0	0	0	0	0	0	0	0	0	1	0	0	0	7	0	0	0	0	0	0	0	0	6	0	1	0	0	0	0	0
Zotu649	0	0	0	0	0	0	0	0	0	0	0	1	0	0	0	0	0	0	0	0	0	0	7	0	0	0	5	0	0	0	0	0
Zotu814	0	0	0	0	0	0	0	0	0	0	0	1	0	0	0	5	0	0	0	0	0	0	0	0	0	0	4	0	0	0	0	0
Zotu568	0	0	0	0	0	0	0	0	0	0	0	1	0	1	0	0	0	0	0	0	0	0	3	0	4	0	4	0	0	0	0	0
Zotu727	0	0	0	0	0	0	0	0	0	0	0	1	0	0	0	8	0	0	0	0	3	0	0	0	1	0	1	1	0	0	0	0
Zotu675	0	0	0	0	0	0	0	0	0	0	0	1	0	0	0	3	0	0	0	0	0	0	0	0	4	0	0	2	0	0	0	0
Zotu532	0	0	0	0	0	0	0	0	0	0	0	1	0	0	0	11	0	0	0	0	0	0	0	0	2	0	6	0	0	0	0	0
Zotu603	0	0	0	0	0	0	0	0	0	0	0	1	0	0	0	1	0	0	0	0	0	0	3	0	6	0	1	0	0	0	0	0
Zotu834	0	0	0	0	0	0	0	0	0	0	0	1	0	0	0	0	0	0	0	0	0	0	2	0	10	0	0	0	0	0	1	0
Zotu578	0	0	0	0	0	0	0	0	0	0	0	1	0	0	0	0	0	0	0	0	1	0	5	0	7	0	1	0	0	0	0	0
Zotu339	0	0	0	0	0	0	0	0	0	0	0	1	0	2	0	11	0	0	0	0	0	0	15	0	0	0	3	0	0	0	0	0
Zotu758	0	0	0	0	0	0	0	0	0	0	0	1	0	0	0	0	0	0	0	0	0	0	5	0	6	0	2	0	0	0	0	0
Zotu627	0	0	0	0	0	0	0	0	0	0	0	1	0	0	0	6	0	0	0	0	0	0	1	0	3	0	6	1	0	0	0	0
Zotu500	0	0	0	0	0	0	0	0	0	0	0	0	13	0	0	0	0	0	0	0	0	0	0	2	0	0	0	0	0	0	0	0
Zotu485	0	0	0	0	0	0	0	0	0	0	0	0	18	0	0	0	0	0	0	0	0	0	0	0	0	0	0	0	0	1	0	0
Zotu562	0	0	0	0	0	0	0	0	0	0	0	0	15	0	0	0	0	0	0	0	0	0	0	0	0	0	0	0	0	0	0	0
Zotu734	0	0	0	0	0	0	0	0	0	0	0	0	14	0	0	0	0	0	0	0	0	0	0	0	0	0	0	0	0	0	0	0
Zotu709	0	0	0	0	0	0	0	0	0	0	0	0	12	0	0	0	0	0	0	0	0	0	0	0	0	0	0	0	0	0	0	0
Zotu629	0	0	0	0	0	0	0	0	0	0	0	0	1	0	0	2	0	0	0	0	0	0	0	0	2	3	1	3	0	0	0	0
Zotu271	0	0	0	0	0	0	0	0	0	0	0	0	5	0	0	0	0	46	0	0	3	0	0	0	0	0	0	0	0	0	0	0
Zotu800	0	0	0	0	0	0	0	0	0	0	0	0	6	0	0	0	0	0	18	0	0	0	0	0	0	0	0	0	0	0	0	0
Zotu486	0	0	0	0	0	0	0	0	0	0	0	0	1	0	0	0	0	0	16	0	0	0	0	0	0	0	0	0	0	0	0	0
Zotu7	0	0	0	0	0	0	0	0	0	0	0	0	1	0	0	0	0	0	0	0	0	0	0	0	0	0	0	0	2	0	0	17396
Zotu638	0	0	0	0	0	0	0	0	0	0	0	0	1	0	0	0	0	0	0	0	0	0	0	0	0	0	15	0	0	0	4	0
Zotu605	0	0	0	0	0	0	0	0	0	0	0	0	1	0	1	0	0	0	0	6	0	0	3	0	0	0	0	0	0	0	0	0
Zotu647	0	0	0	0	0	0	0	0	0	0	0	0	1	1	0	2	0	0	0	2	1	0	4	0	0	0	0	0	0	0	0	0
Zotu58	0	0	0	0	0	0	0	0	0	0	0	0	1	0	0	0	0	0	0	0	473	0	0	17	0	0	200	0	0	0	0	0
Zotu90	0	0	0	0	0	0	0	0	0	0	0	0	0	54	0	1	0	0	0	0	83	0	0	24	106	0	0	0	0	8	10	0
Zotu22	0	0	0	0	0	0	0	0	0	0	0	0	0	3260	0	18	0	0	0	0	0	0	0	4	2	0	7	0	1	0	0	0
Zotu47	0	0	0	0	0	0	0	0	0	0	0	0	0	847	0	1	0	0	0	0	0	0	0	4	101	0	4	1	0	16	0	0
Zotu31	0	0	0	0	0	0	0	0	0	0	0	0	0	1984	0	0	0	0	0	0	0	0	0	0	0	0	0	0	1	0	0	5
Zotu185	0	0	0	0	0	0	0	0	0	0	0	0	0	76	0	12	0	0	0	0	0	0	0	0	0	0	0	0	0	0	0	0
Zotu686	0	0	0	0	0	0	0	0	0	0	0	0	0	6	0	0	0	0	0	0	0	0	0	0	0	0	0	0	0	5	0	0
Zotu57	0	0	0	0	0	0	0	0	0	0	0	0	0	349	0	0	0	0	0	0	4	0	299	0	40	0	0	0	1	0	0	0
Zotu40	0	0	0	0	0	0	0	0	0	0	0	0	0	66	0	0	0	0	0	0	0	17	1045	0	0	0	0	0	0	0	0	0
Zotu81	0	0	0	0	0	0	0	0	0	0	0	0	0	318	0	0	0	0	0	0	0	0	0	0	0	0	0	0	3	0	0	0
Zotu78	0	0	0	0	0	0	0	0	0	0	0	0	0	99	0	0	0	32	0	0	0	0	0	0	0	0	0	0	201	0	0	0
Zotu474	0	0	0	0	0	0	0	0	0	0	0	0	0	13	0	0	0	0	0	0	0	0	0	0	0	0	3	0	0	4	0	0
Zotu33	0	0	0	0	0	0	0	0	0	0	0	0	0	62	0	1413	0	0	0	0	0	0	0	0	0	0	5	0	0	0	0	0
Zotu128	0	0	0	0	0	0	0	0	0	0	0	0	0	104	0	0	0	0	0	0	0	0	0	0	23	0	17	0	0	0	0	0
Zotu148	0	0	0	0	0	0	0	0	0	0	0	0	0	18	0	0	0	0	0	0	6	0	0	0	39	0	44	0	2	14	0	0
Zotu85	0	0	0	0	0	0	0	0	0	0	0	0	0	10	0	182	0	0	0	0	0	0	4	0	87	0	13	0	0	4	0	0
Zotu511	0	0	0	0	0	0	0	0	0	0	0	0	0	17	0	0	0	0	0	0	0	0	0	0	0	0	0	0	0	3	0	0
Zotu145	0	0	0	0	0	0	0	0	0	0	0	0	0	17	0	0	0	0	0	0	80	0	0	0	1	0	19	0	0	0	5	0
Zotu42	0	0	0	0	0	0	0	0	0	0	0	0	0	50	0	1055	0	0	0	0	0	0	0	0	0	0	0	0	0	0	0	0
Zotu51	0	0	0	0	0	0	0	0	0	0	0	0	0	62	0	797	0	0	0	0	0	0	1	0	0	0	0	0	0	0	0	0
Zotu375	0	0	0	0	0	0	0	0	0	0	0	0	0	25	0	0	0	0	0	0	0	0	0	0	0	0	1	0	0	0	0	0
Zotu702	0	0	0	0	0	0	0	0	0	0	0	0	0	2	0	6	0	0	0	0	2	0	1	0	0	0	0	0	0	0	0	0
Zotu714	0	0	0	0	0	0	0	0	0	0	0	0	0	5	0	2	0	0	0	0	0	0	0	0	6	0	1	0	1	0	0	0
Zotu821	0	0	0	0	0	0	0	0	0	0	0	0	0	3	0	7	0	0	0	0	3	0	6	0	0	0	3	2	0	0	0	0
Zotu592	0	0	0	0	0	0	0	0	0	0	0	0	0	2	0	6	0	0	0	0	0	0	1	0	1	0	4	0	0	0	0	0
Zotu556	0	0	0	0	0	0	0	0	0	0	0	0	0	1	0	0	5	0	0	0	0	0	0	0	14	0	0	0	0	0	0	1
Zotu110	0	0	0	0	0	0	0	0	0	0	0	0	0	21	0	124	0	0	0	0	0	0	17	0	13	0	0	8	0	10	0	0
Zotu707	0	0	0	0	0	0	0	0	0	0	0	0	0	11	0	0	0	0	0	0	0	0	0	0	0	0	0	0	0	0	0	0
Zotu59	0	0	0	0	0	0	0	0	0	0	0	0	0	3	0	505	0	0	0	0	0	0	8	0	0	0	0	0	0	18	0	0
Zotu376	0	0	0	0	0	0	0	0	0	0	0	0	0	4	0	1	0	0	0	0	2	0	7	0	9	0	1	3	0	0	0	0
Zotu652	0	0	0	0	0	0	0	0	0	0	0	0	0	1	0	10	0	0	0	0	0	0	0	0	2	0	0	0	0	0	0	0
Zotu153	0	0	0	0	0	0	0	0	0	0	0	0	0	2	0	87	0	0	0	0	0	0	0	0	0	0	0	0	0	9	0	0
Zotu416	0	0	0	0	0	0	0	0	0	0	0	0	0	1	0	5	0	0	0	0	0	0	13	0	0	0	0	0	0	0	0	0
Zotu202	0	0	0	0	0	0	0	0	0	0	0	0	0	3	0	0	0	0	0	0	0	0	67	0	0	0	0	0	0	0	0	0
Zotu19	0	0	0	0	0	0	0	0	0	0	0	0	0	11	0	4530	0	0	0	0	0	0	5	0	0	0	0	0	0	0	0	0
Zotu374	0	0	0	0	0	0	0	0	0	0	0	0	0	2	0	4	0	0	0	0	0	0	6	0	10	0	0	0	0	0	0	0
Zotu393	0	0	0	0	0	0	0	0	0	0	0	0	0	2	0	0	0	34	0	0	0	0	0	0	0	0	0	0	0	0	0	0
Zotu377	0	0	0	0	0	0	0	0	0	0	0	0	0	2	0	0	0	0	0	0	0	0	8	0	0	0	16	0	0	0	0	0
Zotu576	0	0	0	0	0	0	0	0	0	0	0	0	0	1	2	0	0	0	0	0	1	0	6	0	8	0	1	0	2	0	0	0
Zotu767	0	0	0	0	0	0	0	0	0	0	0	0	0	2	1	0	0	0	0	0	0	0	0	0	0	0	0	4	0	3	0	0
Zotu344	0	0	0	0	0	0	0	0	0	0	0	0	0	1	0	0	0	10	0	0	0	0	28	0	0	0	0	0	0	0	0	0
Zotu569	0	0	0	0	0	0	0	0	0	0	0	0	0	1	0	1	0	0	0	0	0	0	7	0	5	0	2	0	0	0	0	0
Zotu117	0	0	0	0	0	0	0	0	0	0	0	0	0	1	0	169	0	0	0	0	0	0	0	0	45	0	0	0	0	0	0	0
Zotu318	0	0	0	0	0	0	0	0	0	0	0	0	0	1	0	14	0	0	0	0	0	0	0	0	14	0	0	0	0	0	0	0
Zotu746	0	0	0	0	0	0	0	0	0	0	0	0	0	1	0	0	0	0	0	0	4	0	4	0	0	0	3	1	0	0	0	0
Zotu471	0	0	0	0	0	0	0	0	0	0	0	0	0	1	0	3	0	0	0	0	2	0	0	0	8	0	5	3	0	0	0	0
Zotu782	0	0	0	0	0	0	0	0	0	0	0	0	0	1	0	2	0	0	0	0	0	0	1	0	9	0	1	0	0	0	0	0
Zotu501	0	0	0	0	0	0	0	0	0	0	0	0	0	1	0	0	0	0	0	0	0	0	0	0	17	0	0	0	0	0	0	0
Zotu519	0	0	0	0	0	0	0	0	0	0	0	0	0	0	13	0	0	0	0	0	3	0	6	0	0	0	0	0	0	0	0	0
Zotu667	0	0	0	0	0	0	0	0	0	0	0	0	0	0	12	0	0	0	0	0	0	0	0	0	0	0	0	0	0	0	0	0
Zotu633	0	0	0	0	0	0	0	0	0	0	0	0	0	0	10	0	0	0	0	0	0	0	0	0	0	0	2	0	0	0	0	0
Zotu369	0	0	0	0	0	0	0	0	0	0	0	0	0	0	10	9	0	0	0	0	1	0	6	0	1	0	3	0	0	0	0	0
Zotu754	0	0	0	0	0	0	0	0	0	0	0	0	0	0	13	0	0	0	0	0	0	0	1	0	1	0	0	0	0	0	0	0
Zotu791	0	0	0	0	0	0	0	0	0	0	0	0	0	0	1	0	0	0	0	0	1	0	0	0	0	10	0	0	0	0	0	0
Zotu36	0	0	0	0	0	0	0	0	0	0	0	0	0	0	0	968	0	0	0	0	157	0	0	0	245	0	9	0	0	0	0	0
Zotu86	0	0	0	0	0	0	0	0	0	0	0	0	0	0	0	238	0	0	0	0	0	0	0	0	0	0	0	0	0	15	0	0
Zotu56	0	0	0	0	0	0	0	0	0	0	0	0	0	0	0	695	0	0	0	0	0	0	54	0	0	0	0	0	0	7	0	0
Zotu55	0	0	0	0	0	0	0	0	0	0	0	0	0	0	0	671	0	0	0	0	0	0	1	0	0	0	0	0	0	14	0	0
Zotu77	0	0	0	0	0	0	0	0	0	0	0	0	0	0	0	335	0	0	0	0	0	0	0	0	0	0	0	0	0	1	0	0
Zotu305	0	0	0	0	0	0	0	0	0	0	0	0	0	0	0	30	0	0	0	0	0	0	0	0	0	0	0	0	0	0	0	0
Zotu76	0	0	0	0	0	0	0	0	0	0	0	0	0	0	0	315	0	0	0	0	0	0	0	0	0	0	0	0	0	9	0	0
Zotu52	0	0	0	0	0	0	0	0	0	0	0	0	0	0	0	805	0	1	0	0	0	0	0	40	0	0	31	0	0	0	0	0
Zotu195	0	0	0	0	0	0	0	0	0	0	0	0	0	0	0	64	0	0	0	0	0	0	0	0	0	0	0	0	0	0	0	0
Zotu660	0	0	0	0	0	0	0	0	0	0	0	0	0	0	0	6	0	0	0	0	0	0	5	0	1	0	0	1	0	0	0	0
Zotu425	0	0	0	0	0	0	0	0	0	0	0	0	0	0	0	1	0	0	0	0	0	0	0	0	14	0	3	5	0	0	0	0
Zotu459	0	0	0	0	0	0	0	0	0	0	0	0	0	0	0	13	0	0	0	8	0	0	1	0	0	0	0	0	0	0	0	0
Zotu214	0	0	0	0	0	0	0	0	0	0	0	0	0	0	0	66	0	0	0	0	0	0	0	0	0	0	0	0	1	0	0	0
Zotu695	0	0	0	0	0	0	0	0	0	0	0	0	0	0	0	7	0	0	0	0	0	0	0	0	0	0	0	6	3	0	0	0
Zotu794	0	0	0	0	0	0	0	0	0	0	0	0	0	0	0	10	0	0	0	0	0	0	0	0	0	0	1	0	0	0	0	0
Zotu131	0	0	0	0	0	0	0	0	0	0	0	0	0	0	0	130	0	0	0	0	0	0	0	0	0	0	0	0	0	7	0	0
Zotu133	0	0	0	0	0	0	0	0	0	0	0	0	0	0	0	133	0	0	0	0	0	0	0	0	0	0	0	0	0	0	0	0
Zotu798	0	0	0	0	0	0	0	0	0	0	0	0	0	0	0	8	0	0	0	0	0	0	0	0	0	0	0	0	0	0	0	0
Zotu523	0	0	0	0	0	0	0	0	0	0	0	0	0	0	0	11	0	0	0	0	1	0	7	0	0	0	0	0	0	0	0	0
Zotu166	0	0	0	0	0	0	0	0	0	0	0	0	0	0	0	96	0	0	0	0	0	0	0	0	0	0	0	0	0	0	0	0
Zotu772	0	0	0	0	0	0	0	0	0	0	0	0	0	0	0	9	0	0	0	0	0	0	0	0	0	0	0	0	0	0	0	0
Zotu685	0	0	0	0	0	0	0	0	0	0	0	0	0	0	0	9	0	0	0	0	0	0	0	0	0	0	0	0	0	0	0	0
Zotu345	0	0	0	0	0	0	0	0	0	0	0	0	0	0	0	25	0	0	0	0	10	0	0	0	0	0	0	0	0	0	0	0
Zotu143	0	0	0	0	0	0	0	0	0	0	0	0	0	0	0	91	0	0	0	0	0	0	0	0	4	0	5	0	0	7	0	0
Zotu330	0	0	0	0	0	0	0	0	0	0	0	0	0	0	0	11	0	0	0	0	0	0	0	0	6	0	17	0	0	0	0	0
Zotu446	0	0	0	0	0	0	0	0	0	0	0	0	0	0	0	10	0	0	0	0	0	0	5	0	2	0	5	0	0	0	0	0
Zotu773	0	0	0	0	0	0	0	0	0	0	0	0	0	0	0	11	0	0	0	0	0	0	0	0	0	0	0	0	0	0	0	0
Zotu760	0	0	0	0	0	0	0	0	0	0	0	0	0	0	0	8	0	0	0	0	0	0	0	0	0	0	0	0	0	0	0	0
Zotu320	0	0	0	0	0	0	0	0	0	0	0	0	0	0	0	31	0	0	0	0	0	0	0	0	0	0	0	0	0	0	0	0
Zotu300	0	0	0	0	0	0	0	0	0	0	0	0	0	0	0	37	0	0	0	0	0	0	0	0	0	0	1	0	0	0	0	0
Zotu620	0	0	0	0	0	0	0	0	0	0	0	0	0	0	0	16	0	0	0	0	4	0	0	0	0	0	3	0	0	0	0	0
Zotu799	0	0	0	0	0	0	0	0	0	0	0	0	0	0	0	14	0	0	0	0	0	0	0	0	0	0	0	0	0	0	0	0
Zotu489	0	0	0	0	0	0	0	0	0	0	0	0	0	0	0	22	0	0	0	0	0	0	0	0	0	0	0	0	0	0	0	0
Zotu664	0	0	0	0	0	0	0	0	0	0	0	0	0	0	0	11	0	0	0	0	0	0	0	0	0	0	0	0	0	0	0	0
Zotu630	0	0	0	0	0	0	0	0	0	0	0	0	0	0	0	16	0	0	0	0	0	0	0	0	0	0	0	0	0	0	0	0
Zotu521	0	0	0	0	0	0	0	0	0	0	0	0	0	0	0	17	0	0	0	0	0	0	7	2	0	0	7	0	0	0	0	0
Zotu426	0	0	0	0	0	0	0	0	0	0	0	0	0	0	0	20	0	0	0	0	0	0	0	0	0	0	0	0	0	0	0	0
Zotu820	0	0	0	0	0	0	0	0	0	0	0	0	0	0	0	5	0	0	0	0	0	0	4	0	3	0	1	3	0	0	0	0
Zotu263	0	0	0	0	0	0	0	0	0	0	0	0	0	0	0	50	0	0	0	0	0	0	0	0	0	0	0	0	0	10	0	0
Zotu384	0	0	0	0	0	0	0	0	0	0	0	0	0	0	0	27	0	0	0	0	0	0	0	0	0	0	0	0	0	0	0	0
Zotu621	0	0	0	0	0	0	0	0	0	0	0	0	0	0	0	5	0	0	0	0	0	0	0	0	4	0	2	0	0	0	0	0
Zotu266	0	0	0	0	0	0	0	0	0	0	0	0	0	0	0	47	0	0	0	0	0	0	0	0	0	0	0	0	0	0	0	0
Zotu642	0	0	0	0	0	0	0	0	0	0	0	0	0	0	0	2	0	0	0	0	0	0	7	0	4	0	8	3	0	0	0	0
Zotu665	0	0	0	0	0	0	0	0	0	0	0	0	0	0	0	11	0	0	0	0	0	0	0	0	4	0	1	0	0	0	0	0
Zotu801	0	0	0	0	0	0	0	0	0	0	0	0	0	0	0	5	0	0	0	0	0	0	3	0	0	0	0	0	0	0	0	0
Zotu761	0	0	0	0	0	0	0	0	0	0	0	0	0	0	0	9	0	0	0	0	0	0	0	0	0	0	0	0	0	0	0	0
Zotu778	0	0	0	0	0	0	0	0	0	0	0	0	0	0	0	18	0	0	0	0	0	0	0	0	0	0	0	0	0	0	0	0
Zotu554	0	0	0	0	0	0	0	0	0	0	0	0	0	0	0	1	0	0	0	0	0	0	0	0	13	0	4	0	0	0	0	0
Zotu827	0	0	0	0	0	0	0	0	0	0	0	0	0	0	0	8	0	0	0	0	0	0	0	0	0	0	0	0	0	0	0	0
Zotu683	0	0	0	0	0	0	0	0	0	0	0	0	0	0	0	3	0	0	0	0	0	0	0	0	2	0	5	0	0	0	0	0
Zotu726	0	0	0	0	0	0	0	0	0	0	0	0	0	0	0	9	0	0	0	0	0	0	7	0	1	0	1	0	0	0	0	0
Zotu737	0	0	0	0	0	0	0	0	0	0	0	0	0	0	0	9	0	0	0	0	0	0	0	0	0	0	0	0	0	0	0	0
Zotu497	0	0	0	0	0	0	0	0	0	0	0	0	0	0	0	14	0	0	0	0	0	0	4	0	0	0	0	0	0	0	0	0
Zotu525	0	0	0	0	0	0	0	0	0	0	0	0	0	0	0	24	0	0	0	0	0	0	0	0	0	0	0	0	0	0	0	0
Zotu581	0	0	0	0	0	0	0	0	0	0	0	0	0	0	0	5	0	0	0	0	0	0	4	0	0	0	5	0	0	0	0	0
Zotu745	0	0	0	0	0	0	0	0	0	0	0	0	0	0	0	3	1	0	0	0	0	0	0	0	5	0	1	0	0	0	0	0
Zotu764	0	0	0	0	0	0	0	0	0	0	0	0	0	0	0	13	0	0	0	0	0	0	0	0	0	0	0	0	0	0	0	0
Zotu751	0	0	0	0	0	0	0	0	0	0	0	0	0	0	0	10	0	0	0	0	0	0	0	0	0	0	0	0	0	0	0	0
Zotu628	0	0	0	0	0	0	0	0	0	0	0	0	0	0	0	1	0	0	1	0	0	8	1	0	0	0	0	5	0	0	0	0
Zotu677	0	0	0	0	0	0	0	0	0	0	0	0	0	0	0	11	0	0	0	0	0	0	0	0	0	0	1	2	0	0	0	0
Zotu537	0	0	0	0	0	0	0	0	0	0	0	0	0	0	0	8	0	0	0	0	1	0	5	0	1	0	6	0	0	0	0	0
Zotu729	0	0	0	0	0	0	0	0	0	0	0	0	0	0	0	9	0	0	0	0	0	0	0	0	0	0	0	0	0	0	0	0
Zotu335	0	0	0	0	0	0	0	0	0	0	0	0	0	0	0	3	0	0	0	0	0	0	0	0	20	0	9	0	0	0	0	0
Zotu817	0	0	0	0	0	0	0	0	0	0	0	0	0	0	0	10	0	0	0	0	0	0	0	0	1	0	0	0	0	0	0	0
Zotu244	0	0	0	0	0	0	0	0	0	0	0	0	0	0	0	2	0	0	0	0	60	0	0	0	0	0	0	0	0	0	0	0
Zotu414	0	0	0	0	0	0	0	0	0	0	0	0	0	0	0	8	0	0	0	0	2	0	5	0	2	0	7	0	0	0	0	0
Zotu388	0	0	0	0	0	0	0	0	0	0	0	0	0	0	0	11	0	0	0	0	0	0	12	0	0	0	3	0	0	0	0	0
Zotu582	0	0	0	0	0	0	0	0	0	0	0	0	0	0	0	2	0	2	0	4	1	1	2	0	0	0	0	0	1	1	0	0
Zotu816	0	0	0	0	0	0	0	0	0	0	0	0	0	0	0	3	0	0	0	0	1	0	4	0	1	0	0	0	0	0	0	0
Zotu123	0	0	0	0	0	0	0	0	0	0	0	0	0	0	0	1	0	187	3	0	0	0	0	0	0	0	1	14	0	0	0	0
Zotu645	0	0	0	0	0	0	0	0	0	0	0	0	0	0	0	2	0	0	0	0	1	0	0	0	9	0	3	0	0	0	0	0
Zotu806	0	0	0	0	0	0	0	0	0	0	0	0	0	0	0	4	0	0	0	0	0	0	0	0	4	0	0	0	0	0	0	0
Zotu752	0	0	0	0	0	0	0	0	0	0	0	0	0	0	0	1	0	0	0	0	0	0	9	0	0	0	0	0	0	0	0	0
Zotu770	0	0	0	0	0	0	0	0	0	0	0	0	0	0	0	1	0	0	0	6	0	0	0	0	0	0	0	0	0	5	0	0
Zotu25	0	0	0	0	0	0	0	0	0	0	0	0	0	0	0	0	3503	0	0	0	0	0	0	0	0	0	0	0	0	0	0	0
Zotu12	0	0	0	0	0	0	0	0	0	0	0	0	0	0	0	0	9995	0	0	0	0	0	0	0	0	0	0	0	0	0	0	0
Zotu21	0	0	0	0	0	0	0	0	0	0	0	0	0	0	0	0	4984	0	0	0	0	0	0	0	0	0	0	0	0	0	0	0
Zotu18	0	0	0	0	0	0	0	0	0	0	0	0	0	0	0	0	5330	0	0	0	0	0	0	0	0	0	0	0	0	0	1	0
Zotu566	0	0	0	0	0	0	0	0	0	0	0	0	0	0	0	0	1	0	0	0	0	0	0	0	0	20	0	0	0	0	1	0
Zotu44	0	0	0	0	0	0	0	0	0	0	0	0	0	0	0	0	0	998	0	0	0	0	0	0	0	0	0	0	0	0	0	0
Zotu696	0	0	0	0	0	0	0	0	0	0	0	0	0	0	0	0	0	15	0	0	0	0	0	0	0	0	0	0	0	0	0	0
Zotu391	0	0	0	0	0	0	0	0	0	0	0	0	0	0	0	0	0	35	0	0	0	0	0	0	0	0	0	0	0	0	3	0
Zotu469	0	0	0	0	0	0	0	0	0	0	0	0	0	0	0	0	0	21	0	0	0	0	0	0	0	0	0	0	0	0	0	0
Zotu254	0	0	0	0	0	0	0	0	0	0	0	0	0	0	0	0	0	48	0	0	0	0	0	0	0	0	0	0	0	0	0	0
Zotu678	0	0	0	0	0	0	0	0	0	0	0	0	0	0	0	0	0	12	0	0	0	0	0	0	0	0	0	0	0	0	0	0
Zotu540	0	0	0	0	0	0	0	0	0	0	0	0	0	0	0	0	0	16	0	0	0	0	0	0	0	0	0	0	0	0	0	0
Zotu441	0	0	0	0	0	0	0	0	0	0	0	0	0	0	0	0	0	29	0	0	0	0	0	0	0	0	0	0	0	0	0	0
Zotu793	0	0	0	0	0	0	0	0	0	0	0	0	0	0	0	0	0	12	0	0	0	0	0	0	0	0	0	0	0	0	0	0
Zotu577	0	0	0	0	0	0	0	0	0	0	0	0	0	0	0	0	0	15	0	0	0	0	0	0	0	0	0	3	0	0	0	0
Zotu672	0	0	0	0	0	0	0	0	0	0	0	0	0	0	0	0	0	10	0	0	0	0	0	0	0	0	0	0	0	0	0	0
Zotu360	0	0	0	0	0	0	0	0	0	0	0	0	0	0	0	0	0	0	18	0	0	0	0	0	0	0	0	10	0	0	0	0
Zotu417	0	0	0	0	0	0	0	0	0	0	0	0	0	0	0	0	0	0	19	0	1	0	3	0	0	0	0	0	0	0	0	0
Zotu613	0	0	0	0	0	0	0	0	0	0	0	0	0	0	0	0	0	0	13	0	0	0	0	0	0	0	0	0	0	0	0	0
Zotu427	0	0	0	0	0	0	0	0	0	0	0	0	0	0	0	0	0	0	19	0	0	0	0	0	0	0	0	0	0	0	0	0
Zotu295	0	0	0	0	0	0	0	0	0	0	0	0	0	0	0	0	0	0	0	47	0	0	0	0	0	0	0	0	0	0	0	0
Zotu657	0	0	0	0	0	0	0	0	0	0	0	0	0	0	0	0	0	0	0	9	0	0	0	0	5	0	0	0	0	0	0	0
Zotu424	0	0	0	0	0	0	0	0	0	0	0	0	0	0	0	0	0	0	0	16	0	0	0	0	0	0	1	5	0	0	0	0
Zotu503	0	0	0	0	0	0	0	0	0	0	0	0	0	0	0	0	0	0	0	16	0	0	0	0	0	0	0	0	0	0	0	0
Zotu491	0	0	0	0	0	0	0	0	0	0	0	0	0	0	0	0	0	0	0	29	0	2	0	0	0	0	0	0	0	1	0	0
Zotu176	0	0	0	0	0	0	0	0	0	0	0	0	0	0	0	0	0	0	0	8	82	0	0	0	0	0	0	0	0	0	0	0
Zotu700	0	0	0	0	0	0	0	0	0	0	0	0	0	0	0	0	0	0	0	11	0	0	0	0	0	0	0	0	0	0	0	0
Zotu139	0	0	0	0	0	0	0	0	0	0	0	0	0	0	0	0	0	0	0	0	139	0	0	0	0	0	0	0	0	0	0	0
Zotu30	0	0	0	0	0	0	0	0	0	0	0	0	0	0	0	0	0	0	0	0	1816	0	0	0	0	0	344	0	0	0	0	0
Zotu224	0	0	0	0	0	0	0	0	0	0	0	0	0	0	0	0	0	0	0	0	59	0	0	0	0	0	0	0	0	0	0	0
Zotu191	0	0	0	0	0	0	0	0	0	0	0	0	0	0	0	0	0	0	0	0	79	0	0	0	0	0	0	0	0	0	0	0
Zotu89	0	0	0	0	0	0	0	0	0	0	0	0	0	0	0	0	0	0	0	0	277	10	0	0	0	0	0	0	0	0	0	0
Zotu442	0	0	0	0	0	0	0	0	0	0	0	0	0	0	0	0	0	0	0	0	22	0	0	0	0	0	2	0	0	0	1	0
Zotu693	0	0	0	0	0	0	0	0	0	0	0	0	0	0	0	0	0	0	0	0	14	0	0	0	0	0	0	0	0	0	0	0
Zotu641	0	0	0	0	0	0	0	0	0	0	0	0	0	0	0	0	0	0	0	0	2	0	0	0	0	0	0	13	0	0	0	0
Zotu229	0	0	0	0	0	0	0	0	0	0	0	0	0	0	0	0	0	0	0	0	6	0	0	12	0	0	38	0	0	0	0	0
Zotu725	0	0	0	0	0	0	0	0	0	0	0	0	0	0	0	0	0	0	0	0	3	0	0	0	10	0	0	0	0	0	0	0
Zotu653	0	0	0	0	0	0	0	0	0	0	0	0	0	0	0	0	0	0	0	0	5	0	0	0	0	0	0	4	0	0	6	0
Zotu648	0	0	0	0	0	0	0	0	0	0	0	0	0	0	0	0	0	0	0	0	4	0	3	0	3	0	1	5	0	0	0	0
Zotu623	0	0	0	0	0	0	0	0	0	0	0	0	0	0	0	0	0	0	0	0	0	6	0	0	0	0	3	4	0	0	0	0
Zotu650	0	0	0	0	0	0	0	0	0	0	0	0	0	0	0	0	0	0	0	0	0	11	0	0	0	0	0	0	0	0	0	0
Zotu615	0	0	0	0	0	0	0	0	0	0	0	0	0	0	0	0	0	0	0	0	0	0	13	0	0	0	1	0	0	0	0	0
Zotu205	0	0	0	0	0	0	0	0	0	0	0	0	0	0	0	0	0	0	0	0	0	0	59	0	0	0	0	0	0	0	0	0
Zotu197	0	0	0	0	0	0	0	0	0	0	0	0	0	0	0	0	0	0	0	0	0	0	72	0	0	0	0	0	0	0	0	0
Zotu552	0	0	0	0	0	0	0	0	0	0	0	0	0	0	0	0	0	0	0	0	0	0	17	0	0	0	0	0	0	0	0	0
Zotu651	0	0	0	0	0	0	0	0	0	0	0	0	0	0	0	0	0	0	0	0	0	0	10	0	0	0	0	1	0	0	0	0
Zotu410	0	0	0	0	0	0	0	0	0	0	0	0	0	0	0	0	0	0	0	0	0	0	18	0	2	0	7	0	0	0	0	0
Zotu617	0	0	0	0	0	0	0	0	0	0	0	0	0	0	0	0	0	0	0	0	0	0	14	0	0	0	0	0	0	0	0	0
Zotu736	0	0	0	0	0	0	0	0	0	0	0	0	0	0	0	0	0	0	0	0	0	0	8	0	0	0	1	0	0	0	0	0
Zotu588	0	0	0	0	0	0	0	0	0	0	0	0	0	0	0	0	0	0	0	0	0	0	14	0	0	0	0	0	0	0	0	0
Zotu593	0	0	0	0	0	0	0	0	0	0	0	0	0	0	0	0	0	0	0	0	0	0	13	0	0	0	0	0	0	0	0	0
Zotu779	0	0	0	0	0	0	0	0	0	0	0	0	0	0	0	0	0	0	0	0	0	0	12	0	0	0	0	0	0	0	0	0
Zotu655	0	0	0	0	0	0	0	0	0	0	0	0	0	0	0	0	0	0	0	0	0	0	10	0	0	0	2	0	0	0	0	0
Zotu730	0	0	0	0	0	0	0	0	0	0	0	0	0	0	0	0	0	0	0	0	0	0	8	0	0	0	2	0	0	0	0	0
Zotu546	0	0	0	0	0	0	0	0	0	0	0	0	0	0	0	0	0	0	0	0	0	0	7	0	6	0	2	0	0	0	0	0
Zotu591	0	0	0	0	0	0	0	0	0	0	0	0	0	0	0	0	0	0	0	0	0	0	4	0	9	0	2	0	0	0	0	0
Zotu771	0	0	0	0	0	0	0	0	0	0	0	0	0	0	0	0	0	0	0	0	0	0	8	0	2	0	0	0	0	0	0	0
Zotu732	0	0	0	0	0	0	0	0	0	0	0	0	0	0	0	0	0	0	0	0	0	0	3	0	10	0	0	0	0	0	0	0
Zotu768	0	0	0	0	0	0	0	0	0	0	0	0	0	0	0	0	0	0	0	0	0	0	3	0	5	0	1	12	0	0	0	0
Zotu742	0	0	0	0	0	0	0	0	0	0	0	0	0	0	0	0	0	0	0	0	0	0	1	0	0	0	9	0	0	0	0	0
Zotu167	0	0	0	0	0	0	0	0	0	0	0	0	0	0	0	0	0	0	0	0	0	0	0	83	0	0	0	0	0	0	0	0
Zotu79	0	0	0	0	0	0	0	0	0	0	0	0	0	0	0	0	0	0	0	0	0	0	0	261	0	0	18	0	0	0	9	0
Zotu373	0	0	0	0	0	0	0	0	0	0	0	0	0	0	0	0	0	0	0	0	0	0	0	27	0	0	0	0	0	0	0	0
Zotu488	0	0	0	0	0	0	0	0	0	0	0	0	0	0	0	0	0	0	0	0	0	0	0	20	0	0	0	0	1	0	0	0
Zotu45	0	0	0	0	0	0	0	0	0	0	0	0	0	0	0	0	0	0	0	0	0	0	0	44	0	0	956	0	0	0	0	0
Zotu144	0	0	0	0	0	0	0	0	0	0	0	0	0	0	0	0	0	0	0	0	0	0	0	17	0	0	103	0	0	0	0	0
Zotu69	0	0	0	0	0	0	0	0	0	0	0	0	0	0	0	0	0	0	0	0	0	0	0	28	0	0	363	0	0	0	1	0
Zotu11	0	0	0	0	0	0	0	0	0	0	0	0	0	0	0	0	0	0	0	0	0	0	0	0	9100	0	0	0	0	0	0	0
Zotu572	0	0	0	0	0	0	0	0	0	0	0	0	0	0	0	0	0	0	0	0	0	0	0	0	15	0	0	0	0	0	0	0
Zotu248	0	0	0	0	0	0	0	0	0	0	0	0	0	0	0	0	0	0	0	0	0	0	0	0	46	0	0	0	0	0	0	0
Zotu98	0	0	0	0	0	0	0	0	0	0	0	0	0	0	0	0	0	0	0	0	0	0	0	0	218	0	0	0	0	0	0	0
Zotu659	0	0	0	0	0	0	0	0	0	0	0	0	0	0	0	0	0	0	0	0	0	0	0	0	11	0	0	0	0	0	0	0
Zotu804	0	0	0	0	0	0	0	0	0	0	0	0	0	0	0	0	0	0	0	0	0	0	0	0	8	0	0	0	0	0	0	0
Zotu739	0	0	0	0	0	0	0	0	0	0	0	0	0	0	0	0	0	0	0	0	0	0	0	0	13	0	0	0	0	0	0	0
Zotu571	0	0	0	0	0	0	0	0	0	0	0	0	0	0	0	0	0	0	0	0	0	0	0	0	15	0	0	0	0	0	0	0
Zotu703	0	0	0	0	0	0	0	0	0	0	0	0	0	0	0	0	0	0	0	0	0	0	0	0	23	0	0	0	0	0	0	0
Zotu720	0	0	0	0	0	0	0	0	0	0	0	0	0	0	0	0	0	0	0	0	0	0	0	0	10	0	0	0	0	0	0	0
Zotu565	0	0	0	0	0	0	0	0	0	0	0	0	0	0	0	0	0	0	0	0	0	0	0	0	17	0	0	0	0	0	0	0
Zotu531	0	0	0	0	0	0	0	0	0	0	0	0	0	0	0	0	0	0	0	0	0	0	0	0	17	0	0	0	0	0	0	0
Zotu411	0	0	0	0	0	0	0	0	0	0	0	0	0	0	0	0	0	0	0	0	0	0	0	0	1	0	22	0	0	0	0	0
Zotu437	0	0	0	0	0	0	0	0	0	0	0	0	0	0	0	0	0	0	0	0	0	0	0	0	0	23	0	0	0	0	0	0
Zotu747	0	0	0	0	0	0	0	0	0	0	0	0	0	0	0	0	0	0	0	0	0	0	0	0	0	10	0	0	0	0	0	0
Zotu713	0	0	0	0	0	0	0	0	0	0	0	0	0	0	0	0	0	0	0	0	0	0	0	0	0	11	0	0	0	0	0	0
Zotu530	0	0	0	0	0	0	0	0	0	0	0	0	0	0	0	0	0	0	0	0	0	0	0	0	0	19	0	0	0	0	0	0
Zotu585	0	0	0	0	0	0	0	0	0	0	0	0	0	0	0	0	0	0	0	0	0	0	0	0	0	14	0	0	0	0	0	0
Zotu60	0	0	0	0	0	0	0	0	0	0	0	0	0	0	0	0	0	0	0	0	0	0	0	0	0	0	482	0	0	0	0	0
Zotu54	0	0	0	0	0	0	0	0	0	0	0	0	0	0	0	0	0	0	0	0	0	0	0	0	0	0	669	0	0	0	8	0
Zotu112	0	0	0	0	0	0	0	0	0	0	0	0	0	0	0	0	0	0	0	0	0	0	0	0	0	0	197	0	0	0	7	0
Zotu343	0	0	0	0	0	0	0	0	0	0	0	0	0	0	0	0	0	0	0	0	0	0	0	0	0	0	29	0	0	0	0	0
Zotu365	0	0	0	0	0	0	0	0	0	0	0	0	0	0	0	0	0	0	0	0	0	0	0	0	0	0	0	27	0	0	3	0
Zotu684	0	0	0	0	0	0	0	0	0	0	0	0	0	0	0	0	0	0	0	0	0	0	0	0	0	0	0	9	0	0	0	0
Zotu290	0	0	0	0	0	0	0	0	0	0	0	0	0	0	0	0	0	0	0	0	0	0	0	0	0	0	0	36	0	1	0	0
Zotu682	0	0	0	0	0	0	0	0	0	0	0	0	0	0	0	0	0	0	0	0	0	0	0	0	0	0	0	11	0	0	0	0
Zotu662	0	0	0	0	0	0	0	0	0	0	0	0	0	0	0	0	0	0	0	0	0	0	0	0	0	0	0	17	0	0	0	0
Zotu643	0	0	0	0	0	0	0	0	0	0	0	0	0	0	0	0	0	0	0	0	0	0	0	0	0	0	0	11	0	0	0	0
Zotu828	0	0	0	0	0	0	0	0	0	0	0	0	0	0	0	0	0	0	0	0	0	0	0	0	0	0	0	8	0	0	0	0
Zotu759	0	0	0	0	0	0	0	0	0	0	0	0	0	0	0	0	0	0	0	0	0	0	0	0	0	0	0	4	0	7	0	0
Zotu289	0	0	0	0	0	0	0	0	0	0	0	0	0	0	0	0	0	0	0	0	0	0	0	0	0	0	0	0	12	38	0	0
Zotu586	0	0	0	0	0	0	0	0	0	0	0	0	0	0	0	0	0	0	0	0	0	0	0	0	0	0	0	0	0	20	0	0
Zotu676	0	0	0	0	0	0	0	0	0	0	0	0	0	0	0	0	0	0	0	0	0	0	0	0	0	0	0	0	0	12	0	0
Zotu438	0	0	0	0	0	0	0	0	0	0	0	0	0	0	0	0	0	0	0	0	0	0	0	0	0	0	0	0	0	23	0	0
Zotu775	0	0	0	0	0	0	0	0	0	0	0	0	0	0	0	0	0	0	0	0	0	0	0	0	0	0	0	0	0	10	0	0
Zotu618	0	0	0	0	0	0	0	0	0	0	0	0	0	0	0	0	0	0	0	0	0	0	0	0	0	0	0	0	0	0	13	0
Zotu6	0	0	0	0	0	0	0	0	0	0	0	0	0	0	0	0	0	0	0	0	0	0	0	0	0	0	0	0	0	0	0	19769
Zotu218	0	0	0	0	0	0	0	0	0	0	0	0	0	0	0	0	0	0	0	0	0	0	0	0	0	0	0	0	0	0	0	78
Zotu239	0	0	0	0	0	0	0	0	0	0	0	0	0	0	0	0	0	0	0	0	0	0	0	0	0	0	0	0	0	0	0	68
Zotu125	0	0	0	0	0	0	0	0	0	0	0	0	0	0	0	0	0	0	0	0	0	0	0	0	0	0	0	0	0	0	0	201
Zotu188	0	0	0	0	0	0	0	0	0	0	0	0	0	0	0	0	0	0	0	0	0	0	0	0	0	0	0	0	0	0	0	84
