#OTU ID	SRR19509406	SRR19509420	SRR19509426	SRR19509411	SRR19509403	SRR19509419	SRR19509436	SRR19509416	SRR19509413	SRR19509431	SRR19509404	SRR19509410	SRR19509425	SRR19509415	SRR19509408	SRR19509424	SRR19509428	SRR19509427	SRR19509437	SRR19509412	SRR19509432	SRR19509430	SRR19509422
Zotu48	2798	0	0	0	0	0	0	0	0	0	0	0	0	0	0	0	0	0	0	0	0	0	0
Zotu70	1663	0	0	0	0	0	0	0	0	0	0	0	0	0	0	0	0	0	0	0	0	0	0
Zotu50	2536	0	0	0	0	0	0	0	0	0	0	0	0	0	0	0	0	0	0	0	0	0	0
Zotu46	2974	0	0	0	0	0	0	0	0	0	0	0	0	0	0	0	0	0	0	0	0	0	0
Zotu80	1351	0	0	0	0	0	0	0	0	0	0	0	0	0	0	0	0	0	0	0	0	0	0
Zotu62	2021	0	0	0	0	0	0	0	0	0	0	0	0	0	0	0	0	0	0	0	0	0	1
Zotu47	2906	0	0	0	0	0	0	0	0	0	0	0	0	0	0	0	0	0	0	0	0	0	0
Zotu63	1932	0	0	0	0	0	0	0	0	0	0	0	0	0	0	0	0	0	0	0	0	0	0
Zotu85	1396	0	0	0	0	0	0	0	0	0	0	0	0	0	0	0	0	0	0	0	0	0	0
Zotu77	1543	0	0	0	0	0	0	0	0	0	0	0	0	0	0	0	0	0	0	0	0	0	0
Zotu68	1624	0	0	0	0	0	0	0	0	0	0	0	0	0	0	0	0	0	0	0	0	0	0
Zotu52	2343	0	0	0	0	0	0	0	0	0	0	0	0	0	0	0	0	0	0	0	0	0	0
Zotu57	2200	0	0	0	0	0	0	0	0	0	0	0	0	0	0	0	0	0	0	0	0	0	0
Zotu66	1743	0	0	0	0	0	0	0	0	0	0	0	0	0	0	0	0	0	0	0	0	0	0
Zotu49	2451	0	0	0	0	0	0	0	0	1	0	0	0	0	0	0	0	0	0	0	0	0	0
Zotu96	1161	0	0	0	0	0	0	0	0	0	0	0	0	0	0	0	0	0	0	0	0	0	0
Zotu56	2035	0	0	0	0	0	0	0	0	1	0	0	0	0	0	0	0	0	0	0	0	0	0
Zotu1018	26	0	0	0	0	0	0	0	0	0	0	0	0	0	0	0	0	0	0	0	0	0	0
Zotu54	2270	0	0	0	0	0	0	0	0	1	0	0	0	0	0	0	0	0	0	0	0	0	0
Zotu87	1	1159	0	8	4	0	0	3	0	0	14	0	8	3	0	0	0	0	1	1	0	0	0
Zotu994	38	0	0	0	0	0	0	0	0	0	0	0	0	0	0	0	0	0	0	0	0	0	0
Zotu1309	27	0	0	0	0	0	0	0	0	0	0	0	0	0	0	0	0	0	0	0	0	0	0
Zotu11	30	422	159	742	784	2496	1657	0	974	886	866	129	1442	150	0	160	0	126	0	704	105	220	1723
Zotu1067	48	0	0	0	0	0	0	0	0	0	0	0	0	0	0	0	0	0	0	0	0	0	0
Zotu1	51	721	289	892	991	4557	2883	0	1759	1743	1088	222	1654	166	2	326	0	287	0	753	164	375	3066
Zotu22	7	62	148	365	2278	430	1133	0	687	432	3319	81	879	651	3	241	0	166	0	327	43	52	369
Zotu933	40	0	0	0	0	0	0	0	0	0	0	0	0	0	0	0	0	0	0	0	0	0	0
Zotu1143	30	0	0	0	0	0	0	0	0	0	0	0	0	0	0	0	0	0	0	0	0	0	0
Zotu15	20	356	144	654	657	2316	1534	1	831	970	741	119	1196	131	1	148	1	163	0	538	90	241	1640
Zotu833	51	0	0	0	0	0	0	0	0	0	0	0	0	0	0	0	0	0	0	0	0	0	0
Zotu18	19	307	144	589	584	2093	1317	0	754	824	700	104	1022	105	1	161	0	131	0	444	70	195	1437
Zotu110	7	43	122	0	0	18	25	0	14	12	2	17	1	5	9	341	0	154	0	0	27	88	44
Zotu183	2	20	54	0	0	6	9	1	10	9	0	6	0	0	3	176	0	69	0	0	17	57	24
Zotu5	30	573	209	856	827	3271	2100	0	1237	1317	964	180	1620	149	0	246	1	183	0	736	111	282	2370
Zotu2	44	703	265	828	813	4491	2715	0	1660	1717	962	272	1445	148	1	285	0	294	0	708	178	378	3211
Zotu1182	33	0	0	0	0	0	0	0	0	0	0	0	0	0	0	0	0	0	0	0	0	0	0
Zotu8	23	495	174	808	827	2958	1799	1	1038	1143	948	148	1440	127	1	199	0	160	1	652	116	262	2079
Zotu1275	14	0	0	0	0	0	0	0	0	0	0	0	0	0	0	0	0	0	0	0	0	0	0
Zotu1081	31	0	0	0	0	0	0	0	0	0	0	0	0	0	0	0	0	0	0	0	0	0	0
Zotu1381	17	0	0	0	0	0	0	0	0	0	0	0	0	0	0	0	0	0	0	0	0	0	0
Zotu1403	2	0	1	3	2	0	0	1	0	0	1	0	0	0	0	0	0	5	0	2	0	1	0
Zotu23	4	199	102	77	372	1903	1254	0	639	2426	635	68	636	78	0	249	0	281	3	133	117	42	908
Zotu19	6	191	125	46	332	2092	1415	0	718	2620	523	99	547	71	0	262	1	318	1	110	108	54	1061
Zotu899	34	0	0	0	0	0	0	0	0	0	0	0	0	0	0	0	0	0	0	0	0	0	0
Zotu4	36	573	212	719	728	3761	2258	0	1339	1398	815	206	1248	138	0	247	0	230	0	590	127	346	2601
Zotu30	3	145	67	50	362	1366	973	0	477	1805	559	71	565	89	0	178	0	205	0	127	100	39	716
Zotu26	2	54	165	333	2011	428	1047	2	629	426	2731	85	725	548	2	253	0	148	0	305	44	46	403
Zotu180	11	31	68	0	0	4	11	0	12	3	0	14	0	6	2	192	0	80	0	0	17	47	15
Zotu59	3	1692	0	7	5	0	0	6	0	0	14	0	12	6	0	0	0	0	0	3	0	0	0
Zotu32	3	46	125	276	1710	301	886	0	492	306	2406	54	614	515	0	215	0	135	0	216	30	44	333
Zotu1186	1	0	0	0	0	0	0	1	0	0	1	0	2	0	0	3	0	1	1	3	0	0	0
Zotu1363	22	0	0	0	0	0	0	0	0	0	0	0	0	0	0	0	0	0	0	0	0	0	0
Zotu37	4	26	66	202	1374	191	527	1	305	202	2121	45	547	440	0	98	0	72	0	176	17	22	187
Zotu945	1	2	5	2	1	0	0	0	0	0	0	1	0	0	0	2	0	5	0	1	1	2	2
Zotu3	27	535	195	959	1024	3277	2108	0	1212	1318	1109	196	1797	177	0	207	0	190	0	812	139	286	2400
Zotu17	5	204	141	44	344	2624	1580	0	852	3146	598	97	595	93	0	301	0	355	0	96	161	58	1250
Zotu1193	2	4	8	13	5	0	0	7	4	3	12	1	6	0	1	14	1	24	2	6	2	2	5
Zotu53	1	2111	0	5	4	0	0	10	0	0	17	0	8	4	0	0	1	0	1	0	0	0	0
Zotu520	4	8	4	5	2	1	0	1	2	2	1	3	4	1	1	7	0	23	2	5	1	0	2
Zotu155	5	32	91	0	0	10	11	1	8	10	0	14	0	3	11	254	0	82	0	0	16	57	30
Zotu189	5	17	65	0	0	4	9	0	9	10	2	8	1	1	3	162	0	73	0	0	18	48	13
Zotu143	3	35	99	0	0	7	12	1	9	16	6	15	0	3	5	241	0	110	0	0	21	84	27
Zotu264	1	0	0	0	0	0	0	0	0	0	0	0	0	0	0	0	266	0	0	0	0	0	0
Zotu1425	2	1	3	14	0	0	0	2	0	0	0	0	1	0	0	2	1	1	0	3	0	0	1
Zotu106	10	55	103	0	0	8	26	1	13	17	3	19	0	1	10	388	0	143	1	0	35	113	29
Zotu1426	13	0	0	0	0	0	0	0	0	0	0	0	0	0	0	0	0	0	0	0	0	0	0
Zotu513	1	5	3	2	1	1	1	0	1	0	1	0	13	0	3	5	0	19	0	3	1	1	0
Zotu127	9	41	85	0	0	8	16	1	7	9	1	12	0	3	8	320	0	119	0	0	29	79	23
Zotu743	2	1	0	3	3	0	0	0	1	0	1	4	1	0	0	4	1	1	1	1	0	8	0
Zotu24	5	50	116	391	2294	270	849	1	456	344	3579	60	900	670	3	174	0	120	0	317	24	47	273
Zotu34	3	37	81	265	1570	217	615	0	351	216	2282	38	588	414	1	114	0	83	0	223	24	24	207
Zotu33	3	146	76	36	285	1308	887	0	411	1762	439	56	451	68	0	180	0	182	0	81	94	25	667
Zotu21	4	186	118	59	428	1884	1300	0	657	2419	710	84	727	126	0	227	0	312	0	167	101	46	909
Zotu28	4	49	126	347	2042	323	801	1	470	313	3087	60	756	605	4	153	0	121	0	298	31	35	307
Zotu732	1	0	1	0	1	0	1	0	0	0	0	0	0	0	0	16	0	9	0	0	2	5	1
Zotu83	2	1193	0	1	1	0	0	3	0	0	15	0	7	1	0	0	0	0	1	0	0	0	0
Zotu258	3	0	0	0	0	0	0	0	0	0	0	0	0	0	0	0	258	0	0	0	0	0	0
Zotu27	5	160	100	50	369	1603	1116	0	585	2089	596	78	541	79	0	214	0	243	0	110	111	47	844
Zotu905	1	3	2	2	1	0	0	1	0	0	0	1	1	1	0	0	3	0	2	0	1	0	3
Zotu14	5	244	149	66	436	2558	1629	0	860	3278	734	96	702	99	0	312	0	391	0	146	162	74	1168
Zotu1001	1	3	0	0	4	0	0	1	0	0	0	0	0	0	0	1	0	4	1	2	0	0	1
Zotu1304	1	0	0	1	0	0	0	1	0	1	4	5	0	1	0	0	0	0	1	2	0	1	0
Zotu144	4	42	99	0	0	7	8	1	9	8	2	11	0	5	7	277	0	95	0	0	26	74	20
Zotu412	2	14	5	3	1	0	0	4	7	0	0	2	8	0	4	7	1	40	3	1	1	2	6
Zotu1033	1	2	0	0	0	0	0	0	0	1	0	0	1	0	0	0	0	6	0	2	1	1	0
Zotu354	1	15	10	4	1	0	2	0	3	0	0	2	7	0	2	4	1	47	1	2	5	2	7
Zotu613	1	0	0	8	2	0	0	4	0	0	0	0	6	0	0	5	1	5	3	4	0	2	1
Zotu262	1	0	0	0	0	0	0	0	0	0	0	0	0	0	0	0	255	0	0	0	0	0	0
Zotu431	1	9	4	6	2	0	1	1	1	0	0	2	4	0	0	9	1	36	2	7	6	0	1
Zotu35	1	104	53	41	256	1178	714	0	406	1465	412	36	413	73	0	137	0	167	0	87	69	31	552
Zotu677	1	1	0	11	0	0	0	1	0	0	0	0	3	0	0	3	0	4	2	9	0	2	1
Zotu1322	3	1	7	1	0	0	1	1	1	3	5	0	1	0	0	21	0	20	0	6	3	1	0
Zotu31	1	31	104	331	1911	220	626	0	346	238	2794	46	742	532	2	128	0	73	0	268	18	24	186
Zotu29	2	60	107	319	1876	267	757	2	408	303	2863	55	708	520	1	156	0	106	0	301	23	45	261
Zotu20	1	0	0	0	166	0	0	1	157	0	45	5	0	4276	0	74	2843	0	1	295	3037	0	0
Zotu1152	1	0	0	2	4	0	0	2	0	0	2	0	7	0	0	0	1	0	2	6	0	1	0
Zotu60	2	1764	0	7	3	0	0	2	0	0	4	0	2	3	0	0	0	0	0	0	0	0	0
Zotu16	1	0	1	0	218	0	0	0	152	0	61	6	0	5376	0	100	3320	0	0	400	3240	0	0
Zotu476	1	0	3	10	4	0	0	10	2	1	4	2	8	0	0	11	0	4	3	8	3	3	1
Zotu1073	1	0	2	1	1	0	0	1	1	1	0	0	4	0	0	1	1	0	0	0	1	0	2
Zotu1009	1	1	0	0	3	0	1	2	0	0	0	0	2	0	0	4	0	2	0	1	0	0	1
Zotu51	1	2133	0	11	4	0	0	8	0	0	25	0	4	3	0	0	0	0	4	1	0	0	0
Zotu634	1	0	3	0	1	2	1	0	3	2	0	1	0	0	1	7	4	14	0	0	2	4	0
Zotu1118	1	2	1	12	2	0	0	4	0	1	3	0	8	0	0	1	1	21	2	5	2	1	1
Zotu69	1	1410	0	9	3	0	0	4	0	0	17	0	8	6	0	0	0	0	2	1	0	0	0
Zotu1402	1	2	20	3	0	0	3	1	0	3	2	1	2	0	1	9	1	20	0	1	2	3	2
Zotu1429	1	4	3	1	0	0	0	3	2	0	0	0	4	0	0	1	1	5	1	3	2	1	0
Zotu1101	1	0	0	1	5	1	0	14	0	0	6	0	4	5	0	0	1	0	0	3	0	7	9
Zotu1270	1	3	3	9	4	0	0	5	6	0	4	2	11	0	0	15	0	24	0	2	2	1	2
Zotu105	0	966	0	4	3	0	0	7	0	0	10	0	7	4	0	0	0	0	2	0	0	0	0
Zotu1052	0	1	0	1	1	0	0	0	0	0	1	0	1	0	0	6	0	4	0	2	0	7	1
Zotu399	0	8	0	0	9	15	2	0	18	26	7	3	1	1	0	2	0	0	0	1	0	0	9
Zotu65	0	1594	0	10	6	0	0	7	0	0	22	0	6	3	0	0	0	0	2	0	0	0	0
Zotu364	0	7	0	0	3	32	5	0	20	30	7	3	1	0	0	5	0	0	0	0	0	0	17
Zotu971	0	1	2	1	1	0	0	0	0	0	0	0	1	0	0	1	0	6	1	0	3	0	0
Zotu317	0	13	0	0	4	31	7	0	23	35	15	4	2	2	0	5	0	0	0	0	2	0	27
Zotu525	0	4	6	0	0	3	6	0	11	5	0	5	4	2	0	0	0	0	0	1	5	9	1
Zotu511	0	4	5	2	1	0	0	1	2	0	1	0	8	0	1	3	0	20	1	4	2	2	5
Zotu557	0	5	2	4	1	1	0	3	2	1	2	2	2	0	0	3	1	18	1	0	3	1	2
Zotu1311	0	10	3	3	0	0	1	4	4	0	0	1	2	0	0	4	1	5	1	1	5	1	9
Zotu1201	0	5	0	10	7	0	1	18	1	0	1	0	11	0	0	0	1	0	4	18	0	0	0
Zotu1401	0	9	20	1	2	1	2	3	5	4	3	7	6	0	3	4	0	10	0	7	2	2	3
Zotu1387	0	4	5	9	2	1	0	0	0	0	3	4	0	0	0	1	0	2	0	11	0	8	12
Zotu544	0	6	8	0	0	7	7	0	11	3	0	3	6	3	0	0	1	0	0	0	3	6	0
Zotu339	0	4	1	4	11	3	11	0	17	4	46	4	7	14	0	2	0	1	0	0	0	9	8
Zotu1386	0	3	7	1	1	1	0	0	1	0	1	1	2	0	0	2	0	8	1	0	0	0	1
Zotu532	0	2	3	7	2	0	0	5	0	2	4	0	6	0	1	9	0	7	0	9	0	1	4
Zotu1320	0	4	0	6	2	0	0	9	0	2	0	1	1	0	0	8	1	15	1	0	2	6	2
Zotu341	0	8	2	0	6	34	11	0	15	27	12	7	1	3	0	8	0	0	0	1	1	0	13
Zotu842	0	1	0	6	3	0	0	6	0	0	0	0	5	0	1	0	0	0	0	2	0	0	0
Zotu512	0	3	3	2	0	0	2	0	2	1	1	2	8	0	1	7	0	24	2	2	3	3	6
Zotu504	0	4	0	0	3	20	1	0	10	12	6	1	0	1	0	0	0	0	0	0	0	0	8
Zotu902	0	1	0	0	0	1	0	0	1	1	2	0	6	0	0	0	0	1	0	7	0	0	1
Zotu803	0	2	0	0	0	0	0	0	0	0	2	0	6	0	0	1	0	3	3	8	0	3	0
Zotu384	0	17	4	3	1	0	2	4	3	0	3	2	6	0	1	6	1	51	0	4	2	6	2
Zotu868	0	1	0	0	0	0	0	1	0	0	2	0	9	0	0	0	0	2	1	6	0	1	0
Zotu1244	0	1	0	2	0	0	0	2	0	0	1	0	3	0	0	0	0	0	2	6	0	0	0
Zotu1434	0	4	2	0	0	0	0	0	0	0	0	2	1	0	0	1	0	6	2	0	1	0	1
Zotu1028	0	1	0	4	0	0	0	3	0	0	1	0	1	0	0	0	0	0	2	5	0	0	0
Zotu970	0	1	1	0	1	0	0	4	0	0	0	0	0	0	1	4	1	3	3	2	0	0	0
Zotu1176	0	1	0	1	0	0	0	5	0	0	0	0	5	0	0	0	0	0	1	1	0	0	0
Zotu1158	0	2	0	6	1	0	0	1	0	0	0	0	3	0	0	1	0	2	2	1	1	1	2
Zotu1038	0	1	3	0	1	0	0	2	0	1	0	1	0	0	0	5	0	2	0	1	0	1	2
Zotu430	0	7	0	0	10	23	5	0	11	24	4	4	4	1	0	4	0	0	0	0	0	0	10
Zotu647	0	2	1	13	4	0	0	9	0	0	1	0	0	0	1	0	0	2	0	0	0	0	0
Zotu400	0	2	1	3	4	3	10	0	19	2	22	3	6	15	0	1	0	0	0	0	1	3	8
Zotu571	0	3	8	0	0	4	3	0	9	2	0	7	3	1	0	0	0	0	0	1	2	5	1
Zotu1341	0	1	0	0	1	0	0	0	2	0	1	0	0	0	0	1	0	13	0	2	1	0	2
Zotu1310	0	1	0	0	2	0	0	4	1	0	3	0	4	0	0	0	1	0	0	5	0	0	0
Zotu788	0	2	0	0	3	1	0	6	0	0	0	0	2	0	2	3	1	4	1	1	0	0	1
Zotu329	0	9	1	0	10	25	7	0	12	24	12	1	5	1	0	6	0	0	0	1	0	0	32
Zotu648	0	1	5	6	2	0	1	3	0	0	5	1	3	2	1	3	1	7	1	2	0	4	1
Zotu1014	0	1	6	0	0	0	0	1	0	0	0	0	0	0	0	3	0	3	0	5	0	0	1
Zotu1285	0	4	2	5	2	1	2	2	1	1	4	0	6	0	0	5	0	11	0	3	3	3	1
Zotu786	0	3	4	1	0	0	0	1	1	0	0	0	0	1	1	4	4	1	2	2	0	1	3
Zotu502	0	2	1	1	4	2	6	0	5	1	23	1	6	9	0	2	0	0	0	0	1	7	3
Zotu435	0	6	1	0	6	17	7	0	10	17	8	4	4	0	0	2	0	0	0	1	0	0	9
Zotu770	0	1	1	7	2	0	0	5	1	0	2	0	4	0	1	3	1	7	0	3	0	1	0
Zotu1288	0	2	0	5	3	0	0	1	0	0	0	1	1	1	0	5	0	2	0	7	1	7	0
Zotu754	0	2	5	0	0	1	1	0	6	1	0	2	7	3	0	0	0	0	0	0	0	0	3
Zotu1025	0	2	3	3	1	0	0	0	0	0	1	0	0	2	0	0	0	0	1	1	4	0	0
Zotu1215	0	2	1	0	0	1	0	1	0	0	0	1	2	0	1	5	0	3	0	5	0	0	1
Zotu1060	0	2	0	0	0	0	1	3	0	0	2	0	3	0	0	0	0	1	1	4	0	0	2
Zotu1220	0	1	0	5	1	0	0	2	0	0	1	0	2	0	0	2	0	0	0	1	0	0	0
Zotu493	0	2	0	3	2	2	3	0	5	1	19	6	7	9	0	1	0	0	0	0	3	4	4
Zotu1091	0	1	3	1	0	0	0	1	0	0	1	0	2	0	0	0	0	2	0	6	0	1	0
Zotu1301	0	2	1	4	0	0	0	3	1	0	0	0	4	0	0	0	0	7	1	4	0	0	0
Zotu615	0	2	0	0	0	0	0	0	0	0	0	39	0	0	0	0	0	0	0	0	0	3	0
Zotu589	0	4	4	0	0	3	2	0	5	5	0	3	7	5	0	0	1	0	0	1	2	3	3
Zotu1247	0	1	1	0	0	0	0	0	0	0	0	0	0	1	0	8	0	1	0	3	0	0	1
Zotu353	0	4	0	3	9	3	2	0	16	5	41	3	13	12	0	3	0	0	0	0	3	7	14
Zotu1151	0	1	4	9	1	0	0	8	2	2	0	0	2	0	0	0	2	2	0	7	0	7	0
Zotu690	0	3	1	0	2	1	1	0	9	1	0	1	8	4	0	0	1	0	0	2	2	1	1
Zotu1428	0	2	0	0	0	0	0	2	1	0	0	1	0	0	0	3	1	5	2	0	2	1	1
Zotu540	0	4	5	0	0	2	5	0	11	4	0	2	6	4	0	0	0	0	0	0	1	8	4
Zotu519	0	1	4	10	2	1	1	8	4	0	3	1	6	2	0	9	1	8	1	4	0	3	5
Zotu1022	0	1	0	7	1	0	0	3	0	0	0	0	1	0	0	0	1	0	1	4	2	0	0
Zotu1287	0	2	9	2	1	0	1	1	0	0	2	0	2	0	0	4	0	5	2	0	1	1	1
Zotu892	0	2	1	0	0	0	0	1	0	0	0	0	3	0	0	2	0	6	0	0	2	0	1
Zotu587	0	2	2	0	1	5	2	0	3	4	0	2	4	2	0	0	1	0	0	1	6	2	1
Zotu1233	0	5	1	0	0	0	0	0	0	0	0	2	0	0	0	1	0	1	0	1	0	1	0
Zotu1303	0	1	0	1	1	0	0	4	0	0	1	0	1	0	0	1	0	4	0	0	0	0	0
Zotu792	0	1	4	2	0	0	0	0	1	1	3	0	0	0	0	7	2	2	0	0	2	0	3
Zotu1346	0	1	3	0	0	0	0	0	0	0	0	2	0	0	1	4	0	3	0	3	0	0	1
Zotu630	0	2	1	4	5	0	0	9	0	0	9	0	3	14	0	0	1	0	1	1	0	0	0
Zotu1109	0	2	0	2	0	0	1	7	0	0	1	0	4	0	0	9	1	0	0	1	0	0	1
Zotu1332	0	3	1	2	0	0	0	2	0	0	2	0	1	0	1	3	0	12	0	0	0	0	1
Zotu576	0	2	4	9	2	0	1	3	1	2	1	1	6	0	0	7	0	8	0	5	0	3	4
Zotu1266	0	2	2	1	2	0	0	1	0	0	1	0	0	0	0	0	0	3	2	0	1	0	2
Zotu1437	0	1	2	0	2	0	0	2	0	0	0	0	0	0	0	1	0	6	0	0	0	5	1
Zotu730	0	1	3	3	3	0	0	4	0	0	6	0	2	10	0	0	0	0	0	4	0	0	0
Zotu1431	0	2	2	0	0	0	0	0	0	0	0	0	1	0	0	0	0	4	0	1	1	0	0
Zotu1076	0	1	3	2	0	0	0	1	1	0	1	0	3	1	0	2	2	2	0	0	0	1	0
Zotu1013	0	2	0	0	0	0	0	1	0	0	1	0	9	0	0	1	0	2	0	6	0	1	0
Zotu367	0	1	1	4	7	2	7	0	15	3	34	3	7	10	0	2	0	0	0	0	0	5	9
Zotu1167	0	2	13	4	2	0	0	4	2	0	3	0	4	0	0	6	0	11	2	1	3	3	5
Zotu880	0	1	0	0	0	0	0	0	0	0	0	26	0	0	0	0	0	0	0	0	0	4	0
Zotu847	0	1	0	4	0	0	0	7	0	0	4	0	2	0	0	0	0	0	1	3	0	0	0
Zotu434	0	1	1	2	3	3	3	0	6	0	42	1	10	8	0	0	0	0	0	0	1	4	4
Zotu961	0	1	1	3	1	1	0	2	1	0	2	2	1	0	0	4	2	4	1	1	0	10	1
Zotu1262	0	1	2	1	0	2	0	1	3	0	1	1	1	0	3	4	0	13	0	0	0	1	0
Zotu407	0	2	0	0	8	18	4	0	18	31	11	2	3	2	0	4	0	0	0	0	2	0	16
Zotu1115	0	1	1	5	5	0	0	4	0	0	1	0	0	0	0	0	0	0	0	0	0	0	0
Zotu771	0	1	0	10	3	0	0	5	0	0	4	1	0	0	0	0	1	1	0	0	0	0	0
Zotu1292	0	1	11	2	0	0	0	0	0	0	0	0	0	0	0	10	0	1	1	2	1	0	0
Zotu1440	0	1	0	24	0	2	0	0	1	1	1	0	0	0	1	0	3	12	2	0	0	4	5
Zotu1414	0	1	1	0	1	2	0	1	0	0	0	0	1	0	0	0	3	1	0	3	0	0	0
Zotu1159	0	1	6	1	0	0	0	3	1	0	0	1	0	0	0	12	1	1	0	2	2	2	0
Zotu117	0	0	824	0	0	0	0	102	0	0	0	0	0	0	0	0	8	0	0	0	0	0	0
Zotu114	0	0	900	0	0	0	0	107	0	0	0	0	0	0	0	0	6	0	0	0	0	0	0
Zotu89	0	0	1194	0	0	0	0	135	0	0	0	0	0	0	0	0	2	0	0	0	0	0	0
Zotu157	0	0	560	0	0	0	0	93	0	0	0	0	0	0	0	0	6	0	0	0	0	0	0
Zotu484	0	0	77	0	0	0	0	0	0	0	0	0	0	0	0	0	0	0	0	0	0	0	0
Zotu584	0	0	16	0	0	0	0	0	0	0	0	0	0	0	0	0	33	0	0	0	0	0	0
Zotu118	0	0	821	0	0	0	0	139	0	0	0	0	0	0	0	0	5	0	0	0	0	0	0
Zotu921	0	0	8	0	0	0	0	0	1	0	0	2	0	3	0	8	0	9	0	0	1	4	0
Zotu596	0	0	44	0	0	0	0	0	0	0	0	0	0	0	0	0	0	0	0	0	0	0	0
Zotu123	0	0	719	0	0	0	0	133	0	0	0	0	0	0	0	0	13	0	0	0	0	0	0
Zotu90	0	0	1139	0	0	0	0	113	0	0	0	0	0	0	0	0	9	0	0	0	0	0	0
Zotu468	0	0	21	0	0	0	0	20	0	0	0	0	0	0	0	0	39	0	0	5	0	0	0
Zotu135	0	0	644	0	0	0	0	126	0	0	0	0	0	0	0	0	12	0	0	0	0	0	0
Zotu522	0	0	40	0	0	0	0	0	0	0	0	0	2	0	0	0	15	0	0	4	0	0	0
Zotu271	0	0	2	0	0	0	0	1	0	0	0	0	0	0	0	0	224	0	0	6	3	0	0
Zotu641	0	0	21	0	0	0	0	0	0	0	0	0	3	0	0	0	11	0	0	4	0	0	0
Zotu165	0	0	488	0	0	0	0	91	0	0	0	0	0	0	0	0	5	0	0	0	0	0	0
Zotu607	0	0	42	0	0	0	0	0	0	0	0	0	0	0	0	0	0	0	0	0	0	0	0
Zotu420	0	0	21	0	0	0	0	40	0	0	0	0	0	0	0	0	40	0	0	2	0	0	0
Zotu609	0	0	11	0	0	0	0	0	0	0	0	0	0	0	0	0	33	0	0	0	0	0	0
Zotu259	0	0	1	48	19	2	0	22	0	1	18	0	8	92	1	0	1	0	5	50	0	3	0
Zotu1230	0	0	2	0	2	0	0	4	0	0	1	4	0	3	0	0	0	0	0	3	0	2	0
Zotu588	0	0	34	0	0	0	0	0	0	0	0	0	1	0	0	0	8	0	0	2	0	0	0
Zotu510	0	0	72	0	0	0	0	0	0	0	0	0	0	0	0	0	0	0	0	0	0	0	0
Zotu1005	0	0	4	3	0	0	0	0	1	0	0	0	6	0	0	0	0	1	1	3	0	1	0
Zotu528	0	0	62	0	0	0	0	0	0	0	0	0	0	0	0	0	0	0	0	0	0	0	0
Zotu488	0	0	70	0	0	0	0	0	0	0	0	0	0	0	0	0	0	0	0	0	0	0	0
Zotu463	0	0	98	0	0	0	0	0	0	0	0	0	0	0	0	0	0	0	0	0	0	0	0
Zotu516	0	0	69	0	0	0	0	0	0	0	0	0	0	0	0	0	0	0	0	0	0	0	0
Zotu694	0	0	46	0	0	0	0	0	0	0	0	0	0	0	0	0	0	0	0	0	0	0	0
Zotu1037	0	0	2	0	0	2	0	0	0	0	0	1	0	3	0	6	0	5	0	0	2	4	1
Zotu606	0	0	30	0	0	0	0	0	0	0	0	0	2	0	0	0	11	0	0	0	0	0	0
Zotu835	0	0	21	0	0	0	0	0	0	0	0	0	0	0	0	0	7	0	0	0	0	0	0
Zotu244	0	0	6	1	0	0	0	3	0	1	0	0	0	0	0	0	268	0	0	4	3	0	0
Zotu848	0	0	2	11	0	0	0	1	0	3	0	0	0	0	0	0	5	0	0	1	1	0	0
Zotu661	0	0	8	0	0	0	0	0	0	0	0	0	0	0	0	0	29	0	0	0	2	0	0
Zotu81	0	0	1	0	0	0	0	0	0	0	0	0	0	0	1459	0	0	0	0	0	0	2	0
Zotu380	0	0	32	0	1	0	0	49	0	0	0	0	0	0	0	0	39	0	0	9	0	0	0
Zotu455	0	0	15	0	0	0	0	32	0	0	0	0	0	0	0	0	46	0	0	5	0	0	0
Zotu1280	0	0	6	9	2	0	0	7	1	1	1	0	1	0	0	0	1	2	3	4	0	1	1
Zotu917	0	0	12	4	0	0	0	2	3	0	0	3	1	0	0	13	0	0	2	3	2	2	0
Zotu1071	0	0	2	2	0	0	0	1	0	2	2	7	0	2	0	0	0	0	0	4	0	2	0
Zotu710	0	0	4	2	0	0	0	1	0	0	0	1	6	0	0	3	0	6	0	6	0	0	2
Zotu610	0	0	18	0	0	0	0	0	0	0	0	0	1	0	0	0	18	0	0	0	0	0	0
Zotu579	0	0	13	0	0	0	0	0	0	0	0	0	3	0	0	0	43	0	0	0	1	0	0
Zotu604	0	0	7	0	0	0	0	0	0	0	0	0	0	0	0	0	34	0	0	0	0	0	0
Zotu718	0	0	16	0	0	0	0	0	0	0	0	0	4	0	0	0	6	0	0	4	0	0	0
Zotu460	0	0	23	0	3	0	0	32	0	0	0	0	0	0	0	0	27	0	0	2	0	0	0
Zotu850	0	0	1	4	0	0	0	0	2	0	3	0	0	1	0	9	0	1	1	4	1	2	1
Zotu260	0	0	7	1	0	0	0	4	0	0	0	0	1	0	0	0	217	0	0	9	15	0	0
Zotu988	0	0	1	2	0	0	0	0	1	0	1	1	2	0	0	6	0	0	1	2	0	2	0
Zotu575	0	0	4	0	26	0	0	12	0	0	0	0	8	0	0	0	0	0	0	0	0	0	0
Zotu439	0	0	20	0	0	0	0	33	0	0	0	0	0	0	0	0	31	0	0	6	0	0	0
Zotu273	0	0	1	0	108	0	0	0	0	0	0	2	96	0	0	0	29	0	0	0	0	2	5
Zotu702	0	0	11	0	0	0	0	0	0	0	0	0	0	0	0	0	14	0	0	6	0	0	0
Zotu467	0	0	17	0	0	0	0	30	0	0	0	0	0	0	0	0	36	0	0	1	0	0	0
Zotu756	0	0	5	14	0	0	0	4	0	3	0	0	0	0	0	0	3	0	0	2	2	0	0
Zotu1043	0	0	2	1	0	0	0	0	1	0	0	0	0	0	1	5	0	5	0	2	0	3	0
Zotu837	0	0	2	24	0	0	0	0	0	0	0	0	0	0	0	0	0	0	0	4	0	0	0
Zotu1097	0	0	5	4	1	0	0	0	0	0	0	0	0	0	0	2	0	5	0	2	0	1	1
Zotu870	0	0	5	0	0	0	0	0	0	0	0	2	0	8	0	4	0	10	0	0	0	4	1
Zotu410	0	0	19	0	0	0	0	29	0	0	0	0	0	0	0	0	52	0	0	6	0	0	0
Zotu894	0	0	3	1	2	0	0	4	0	1	3	4	1	1	0	0	1	0	0	5	0	1	0
Zotu1020	0	0	3	3	1	0	0	2	0	0	1	0	0	0	0	0	0	2	0	6	0	1	0
Zotu1029	0	0	5	4	0	0	0	0	1	1	0	2	1	0	1	3	0	2	2	3	0	2	0
Zotu934	0	0	1	6	0	0	0	4	0	0	0	0	2	0	0	2	1	0	0	2	0	0	0
Zotu240	0	0	1	0	146	0	0	0	0	0	0	0	124	0	0	0	52	0	0	0	0	0	1
Zotu1154	0	0	1	2	1	0	0	2	0	0	2	1	1	1	0	1	0	1	0	1	0	0	1
Zotu1219	0	0	2	3	0	0	0	5	0	0	1	2	1	2	0	0	0	0	0	2	0	1	0
Zotu642	0	0	10	0	0	0	0	0	0	0	0	0	1	0	0	0	34	0	0	0	1	0	0
Zotu671	0	0	2	4	1	0	0	2	0	0	1	2	2	0	0	3	0	4	0	3	0	0	6
Zotu844	0	0	4	0	0	2	0	0	0	1	3	1	1	1	0	3	0	3	1	1	2	0	4
Zotu1104	0	0	3	0	0	0	1	2	0	0	0	0	0	0	1	1	0	7	0	4	0	0	0
Zotu67	0	0	1	0	0	0	0	0	0	0	0	0	0	0	1789	0	0	0	0	0	0	3	0
Zotu638	0	0	2	0	36	0	0	6	0	0	0	0	7	0	0	0	0	0	0	0	0	0	0
Zotu293	0	0	3	0	0	0	0	3	0	1	0	0	0	0	0	0	177	0	0	5	3	0	0
Zotu767	0	0	5	30	0	0	0	0	0	0	0	0	0	0	0	0	0	0	0	7	0	0	0
Zotu533	0	0	3	0	31	0	1	14	0	0	0	0	10	0	0	0	0	0	0	0	0	0	0
Zotu277	0	0	2	51	14	0	0	22	0	0	17	0	8	65	1	0	0	0	10	34	0	4	0
Zotu594	0	0	4	0	0	0	0	0	0	0	0	0	1	0	0	0	39	0	0	0	0	0	0
Zotu543	0	0	33	0	0	0	0	0	0	0	0	0	4	0	0	0	12	0	0	3	0	0	0
Zotu1256	0	0	1	0	2	1	0	2	0	0	0	0	1	0	0	0	1	2	0	1	0	0	0
Zotu41	0	0	1	0	1	0	0	4143	0	0	0	0	58	0	0	0	468	0	0	0	0	0	9
Zotu829	0	0	5	20	0	0	0	0	0	0	0	0	0	0	0	0	0	0	0	1	0	0	0
Zotu1053	0	0	2	0	1	0	0	0	1	0	0	0	0	1	1	4	0	5	0	2	0	4	1
Zotu1418	0	0	1	0	0	0	0	0	0	0	0	0	0	3	0	2	0	5	0	0	2	1	0
Zotu1236	0	0	7	1	0	0	0	0	0	0	0	0	0	0	0	4	0	1	1	0	0	0	0
Zotu955	0	0	3	15	0	0	0	5	0	0	0	0	0	0	0	0	4	0	0	1	1	0	0
Zotu1356	0	0	2	2	0	0	0	1	1	0	1	1	1	0	0	1	0	2	0	1	0	1	2
Zotu764	0	0	2	3	1	1	1	3	1	1	1	3	4	0	0	1	2	5	0	5	0	2	2
Zotu700	0	0	2	7	0	0	0	6	0	1	4	0	4	3	0	2	0	3	0	0	2	1	0
Zotu1090	0	0	2	0	0	1	0	0	1	0	0	0	0	3	0	7	0	5	0	0	0	1	0
Zotu745	0	0	1	9	5	0	0	7	0	0	1	1	0	0	0	0	1	4	0	0	0	0	0
Zotu6	0	0	1	0	241	0	0	0	288	0	72	12	0	6125	0	137	4047	0	0	482	5922	0	0
Zotu1180	0	0	2	3	1	1	0	1	1	0	1	0	0	1	0	5	0	3	0	2	0	3	0
Zotu924	0	0	1	7	2	0	0	1	0	0	0	0	4	0	0	2	1	1	0	2	0	0	0
Zotu1163	0	0	2	1	0	0	0	4	2	2	0	0	6	0	0	0	0	2	1	7	0	0	1
Zotu441	0	0	8	0	0	0	0	33	0	0	0	0	0	0	0	0	38	0	0	4	0	0	0
Zotu36	0	0	1	0	3	0	0	5241	0	0	0	0	83	0	0	0	559	0	0	0	0	0	8
Zotu243	0	0	8	1	0	0	0	8	0	1	0	0	0	0	0	0	261	0	0	5	7	0	0
Zotu797	0	0	2	4	1	0	0	3	0	0	6	0	0	16	0	0	0	0	1	3	0	0	0
Zotu593	0	0	3	4	3	0	0	5	0	0	11	0	2	25	0	0	0	0	0	3	0	0	0
Zotu1335	0	0	3	2	0	0	1	0	0	0	0	2	1	0	0	0	0	4	0	2	0	1	0
Zotu854	0	0	1	8	1	0	0	5	0	0	0	0	0	0	0	4	0	5	0	1	1	5	0
Zotu782	0	0	3	6	7	0	0	3	0	0	6	0	2	11	0	0	0	0	1	1	0	0	0
Zotu1016	0	0	2	30	0	0	0	0	0	0	0	0	0	0	0	0	0	0	0	2	0	0	0
Zotu265	0	0	3	0	0	0	0	3	0	0	0	0	0	0	0	0	233	0	0	6	2	0	0
Zotu784	0	0	1	11	1	0	0	7	0	0	3	1	0	0	0	0	0	1	0	0	0	0	0
Zotu795	0	0	2	5	3	0	0	3	0	0	6	0	2	14	0	0	1	0	0	6	0	0	0
Zotu982	0	0	1	3	1	0	0	0	1	0	0	0	4	0	0	1	2	4	0	0	0	0	3
Zotu888	0	0	1	14	0	0	0	1	0	0	0	0	0	0	0	0	2	0	0	2	0	0	0
Zotu1095	0	0	1	20	0	0	0	0	0	0	0	0	0	0	0	0	0	0	0	4	0	0	0
Zotu669	0	0	1	19	0	0	0	1	0	3	3	0	0	0	0	0	2	0	0	2	7	0	0
Zotu942	0	0	4	1	1	0	0	0	0	2	0	0	1	0	0	0	1	1	0	4	0	4	0
Zotu1047	0	0	4	2	2	0	0	1	0	1	0	0	1	0	1	2	0	2	0	2	1	2	1
Zotu935	0	0	4	4	4	0	0	4	0	0	7	0	3	5	0	0	0	0	1	0	0	0	0
Zotu1379	0	0	4	0	0	0	0	0	1	0	0	1	0	0	0	5	0	4	0	0	0	2	0
Zotu1015	0	0	1	3	3	0	3	2	0	1	1	8	0	1	0	0	0	0	0	8	0	0	0
Zotu289	0	0	2	41	7	0	0	22	0	1	21	1	9	72	0	0	2	0	5	36	0	4	0
Zotu986	0	0	1	8	5	0	0	0	0	0	3	0	0	0	0	0	0	1	0	0	0	0	0
Zotu1222	0	0	1	0	0	0	0	5	0	1	3	3	2	1	0	0	0	0	0	6	0	0	0
Zotu785	0	0	6	30	0	0	0	0	0	0	0	0	0	0	0	0	0	0	0	5	0	0	0
Zotu1223	0	0	2	2	3	0	0	1	0	0	5	0	1	10	0	0	0	0	0	3	0	0	0
Zotu998	0	0	3	12	0	0	0	1	0	0	0	0	0	0	0	0	2	0	0	0	3	0	0
Zotu252	0	0	2	1	0	0	0	3	0	0	0	0	0	0	0	0	243	0	0	4	6	0	0
Zotu910	0	0	1	36	0	0	0	0	0	0	0	0	0	0	0	0	0	0	0	4	0	0	0
Zotu656	0	0	3	0	23	0	0	7	0	0	0	0	4	0	0	0	0	0	0	0	0	0	0
Zotu651	0	0	3	0	12	0	0	10	0	0	0	0	4	0	0	0	0	0	0	0	0	0	0
Zotu719	0	0	2	12	1	0	0	4	1	2	3	1	4	1	0	4	1	2	2	2	0	2	0
Zotu585	0	0	3	0	28	0	0	9	0	0	0	0	8	0	0	0	0	0	0	0	0	0	0
Zotu268	0	0	3	1	0	0	0	5	0	0	0	0	0	0	0	0	234	0	0	11	6	0	0
Zotu807	0	0	2	5	2	0	0	1	1	1	1	2	3	3	0	0	0	0	0	6	0	1	0
Zotu825	0	0	1	8	1	0	0	2	0	0	3	0	4	0	0	2	3	5	3	0	0	0	0
Zotu773	0	0	2	0	0	0	0	0	0	0	0	0	1	0	0	0	18	0	0	0	2	0	0
Zotu1259	0	0	1	0	1	2	1	3	0	0	0	0	1	2	0	0	0	0	0	1	0	8	4
Zotu1382	0	0	2	0	0	0	0	0	0	0	0	1	2	0	0	0	0	9	0	0	0	0	4
Zotu1393	0	0	1	0	0	0	0	1	2	0	0	0	2	0	0	1	0	8	0	0	0	0	2
Zotu853	0	0	1	0	1	0	0	8	0	3	3	0	1	5	0	0	0	0	1	3	0	2	0
Zotu1179	0	0	1	2	1	0	1	0	0	0	1	0	1	0	0	1	0	4	0	1	0	2	0
Zotu45	0	0	1	0	0	0	0	3030	0	0	0	0	32	0	0	0	301	0	0	0	0	0	7
Zotu1240	0	0	2	2	0	0	0	5	0	0	0	0	4	0	0	0	1	0	0	7	1	0	0
Zotu1317	0	0	2	1	1	0	0	5	0	0	2	0	7	0	0	0	2	2	1	3	0	0	1
Zotu750	0	0	3	13	0	0	0	2	0	2	2	0	0	0	0	0	1	0	0	2	4	0	0
Zotu922	0	0	1	17	0	0	0	0	0	0	0	0	0	0	0	0	0	0	0	7	0	0	0
Zotu755	0	0	1	10	1	0	0	3	2	0	4	0	3	2	0	8	0	8	0	3	1	4	0
Zotu1017	0	0	1	0	0	0	0	0	0	0	0	0	0	0	0	0	19	0	0	0	0	0	0
Zotu1445	0	0	1	0	0	0	0	0	0	0	3	0	0	0	0	2	0	2	0	2	0	2	0
Zotu1283	0	0	1	7	1	0	0	1	1	0	0	0	0	0	0	0	0	3	1	0	2	0	4
Zotu55	0	0	1	0	0	0	0	0	0	0	0	0	0	0	2269	0	0	0	0	0	0	3	0
Zotu1396	0	0	1	0	1	0	0	3	1	0	1	0	3	0	0	0	1	1	0	1	1	0	0
Zotu845	0	0	1	0	0	0	0	1	0	0	0	0	1	0	0	10	0	2	1	2	0	3	0
Zotu1307	0	0	3	0	2	0	0	3	0	0	4	1	9	0	0	0	2	2	1	2	0	0	0
Zotu304	0	0	1	34	12	0	0	11	0	0	19	0	6	68	0	0	3	0	9	22	0	4	1
Zotu555	0	0	1	0	25	0	0	17	0	0	0	0	7	0	0	0	0	0	0	0	0	0	0
Zotu959	0	0	1	5	0	0	0	1	1	0	0	0	3	0	0	2	0	6	0	3	0	0	1
Zotu248	0	0	1	61	18	1	0	32	0	1	30	0	20	110	0	0	4	0	6	46	0	2	0
Zotu706	0	0	1	0	0	1	2	0	5	3	0	4	5	0	0	0	1	0	0	2	3	2	2
Zotu895	0	0	3	23	0	0	0	0	0	0	0	0	0	0	0	0	1	0	0	9	0	0	0
Zotu1206	0	0	2	6	1	0	0	0	0	0	0	0	2	0	0	1	0	4	0	1	0	0	1
Zotu968	0	0	1	2	0	0	0	0	0	0	0	0	1	0	0	8	0	6	0	1	0	1	0
Zotu662	0	0	1	0	0	0	0	0	3	3	0	0	0	0	0	14	1	12	0	0	2	3	1
Zotu900	0	0	2	14	0	0	0	1	0	1	3	0	0	0	0	0	1	0	0	0	1	0	0
Zotu952	0	0	1	5	0	0	0	1	2	1	0	0	2	0	0	1	2	10	0	2	1	1	3
Zotu299	0	0	1	37	11	2	0	24	0	0	18	1	7	73	0	0	3	0	5	30	0	4	3
Zotu628	0	0	1	0	23	0	0	9	0	0	0	0	9	0	0	0	0	0	0	0	0	0	0
Zotu427	0	0	1	4	4	3	8	0	16	2	24	2	4	13	0	1	0	0	0	0	2	2	8
Zotu740	0	0	1	0	1	0	1	0	4	0	0	0	0	0	1	9	0	13	0	0	1	3	1
Zotu1328	0	0	1	4	2	0	0	11	5	0	2	4	1	3	0	4	0	10	1	2	0	0	0
Zotu1252	0	0	1	5	0	0	0	0	0	1	0	0	5	0	0	1	1	1	0	3	0	0	0
Zotu177	0	0	0	473	0	0	0	0	0	0	0	0	0	0	0	0	1	0	0	0	0	0	0
Zotu198	0	0	0	388	0	0	0	0	0	0	0	0	0	0	0	0	2	0	0	0	0	0	0
Zotu302	0	0	0	185	0	0	0	0	0	0	0	0	0	0	0	0	8	0	0	0	0	0	0
Zotu334	0	0	0	107	13	0	0	0	0	0	0	0	0	0	0	0	0	0	0	20	0	0	0
Zotu560	0	0	0	46	0	0	0	1	0	0	0	0	0	0	0	0	0	0	0	0	0	0	0
Zotu633	0	0	0	44	0	0	0	0	0	0	0	0	0	0	0	0	0	0	0	0	0	0	0
Zotu313	0	0	0	113	20	0	0	0	0	0	0	0	0	0	0	0	0	0	0	39	0	0	0
Zotu175	0	0	0	515	0	0	0	1	0	0	0	0	0	0	0	0	0	0	0	0	0	0	0
Zotu482	0	0	0	75	0	0	0	3	0	0	0	0	0	0	0	0	0	0	0	0	2	0	0
Zotu345	0	0	0	132	0	0	0	0	0	0	0	0	0	0	0	0	5	0	0	0	0	0	0
Zotu537	0	0	0	64	0	0	0	0	0	0	0	0	0	0	0	0	0	0	0	0	0	0	0
Zotu167	0	0	0	540	0	0	0	2	0	0	0	0	0	0	0	0	0	0	0	0	0	0	0
Zotu486	0	0	0	69	0	0	0	0	0	0	0	0	0	0	0	0	0	0	0	0	3	0	0
Zotu798	0	0	0	26	0	0	0	0	0	1	0	0	1	0	0	0	1	0	0	0	5	0	0
Zotu149	0	0	0	624	0	0	0	0	0	0	0	0	0	0	0	0	1	0	0	0	0	0	0
Zotu286	0	0	0	195	0	0	0	0	0	0	0	0	1	0	0	0	10	0	0	0	0	0	0
Zotu217	0	0	0	10	1	0	0	0	0	0	0	0	1	0	0	0	0	0	361	0	0	0	0
Zotu358	0	0	0	123	0	0	0	0	0	0	0	0	0	0	0	0	10	0	0	0	0	0	0
Zotu814	0	0	0	7	1	0	0	2	0	0	4	0	0	10	0	0	0	0	1	5	0	0	0
Zotu1200	0	0	0	18	0	0	0	0	0	0	0	0	0	0	0	0	0	0	0	0	3	0	0
Zotu199	0	0	0	386	0	0	0	1	0	0	0	0	0	0	0	0	1	0	0	0	0	0	0
Zotu323	0	0	0	112	9	0	0	0	0	0	0	0	3	0	0	0	0	0	0	28	0	0	0
Zotu152	0	0	0	631	0	0	0	1	0	0	0	0	0	0	0	0	2	0	0	0	0	0	0
Zotu396	0	0	0	111	0	0	0	0	0	0	0	0	8	0	0	0	0	0	0	0	0	0	0
Zotu394	0	0	0	99	0	0	0	0	0	0	0	0	0	0	0	0	5	0	0	0	0	0	0
Zotu318	0	0	0	141	0	0	0	0	0	0	0	0	0	0	0	0	10	0	0	0	0	0	0
Zotu288	0	0	0	202	0	0	0	0	0	0	0	0	0	0	0	0	7	0	0	0	0	0	0
Zotu514	0	0	0	65	0	0	0	0	0	0	0	0	0	0	0	0	0	0	0	0	1	0	0
Zotu1051	0	0	0	4	1	0	0	2	0	0	0	0	2	0	0	0	1	0	2	4	0	0	0
Zotu1444	0	0	0	9	1	0	0	14	0	0	3	0	8	0	0	0	0	0	2	7	0	0	0
Zotu184	0	0	0	449	0	0	0	0	0	0	0	0	0	0	0	0	1	0	0	0	0	0	0
Zotu426	0	0	0	95	0	0	0	6	0	0	0	0	0	0	0	0	0	0	0	0	2	0	0
Zotu306	0	0	0	166	0	0	0	0	0	0	0	0	0	0	0	0	9	0	0	0	0	0	0
Zotu333	0	0	0	130	0	0	0	0	0	0	0	0	3	0	0	0	6	0	0	0	0	0	0
Zotu1122	0	0	0	3	6	0	0	3	0	1	7	0	2	4	0	0	1	0	1	5	0	0	0
Zotu352	0	0	0	127	0	0	0	0	0	0	0	0	0	0	0	0	4	0	0	0	0	0	0
Zotu558	0	0	0	29	0	0	0	1	0	0	0	0	4	0	0	0	0	0	0	19	2	0	0
Zotu385	0	0	0	97	0	0	0	0	0	0	0	0	0	0	0	0	2	0	0	0	0	0	0
Zotu376	0	0	0	101	0	0	0	0	0	0	0	0	0	0	0	0	5	0	0	0	0	0	0
Zotu912	0	0	0	7	1	0	0	2	0	0	1	0	2	11	0	0	0	0	1	4	0	0	0
Zotu440	0	0	0	87	0	0	0	0	0	0	0	0	0	0	0	0	7	0	0	0	0	0	0
Zotu799	0	0	0	25	0	0	0	0	0	1	1	0	0	0	0	0	1	0	0	0	0	0	0
Zotu403	0	0	0	96	0	0	0	0	0	0	0	0	6	0	0	0	0	0	0	0	0	0	0
Zotu418	0	0	0	91	0	0	0	0	0	0	0	0	0	0	0	0	0	0	0	0	4	0	0
Zotu668	0	0	0	36	0	0	0	0	0	0	0	0	0	0	0	0	0	0	0	0	0	0	0
Zotu1367	0	0	0	3	0	0	0	4	0	0	1	0	1	0	0	0	0	4	0	7	0	0	0
Zotu499	0	0	0	74	0	0	0	3	0	0	0	0	0	0	0	0	0	0	0	0	1	0	0
Zotu311	0	0	0	177	0	0	0	0	0	0	0	0	0	0	0	0	9	0	0	0	0	0	0
Zotu389	0	0	0	101	0	0	0	0	0	0	0	0	0	0	0	0	7	0	0	0	0	0	0
Zotu1408	0	0	0	24	2	0	0	0	0	0	0	0	9	0	0	0	0	0	3	2	0	0	0
Zotu283	0	0	0	42	11	0	0	19	0	0	19	0	8	85	0	0	3	0	2	27	0	2	0
Zotu541	0	0	0	7	3	0	0	11	0	0	11	0	2	13	0	0	0	0	2	4	0	0	0
Zotu172	0	0	0	503	0	0	0	0	0	0	0	0	0	0	0	0	3	0	0	0	0	0	0
Zotu536	0	0	0	61	0	0	0	7	0	0	0	0	0	0	0	0	0	0	0	0	0	0	0
Zotu363	0	0	0	76	12	0	0	0	0	0	0	0	2	0	0	0	0	0	0	26	0	0	0
Zotu348	0	0	0	125	0	0	0	0	0	0	0	0	0	0	0	0	2	0	0	0	0	0	0
Zotu517	0	0	0	54	0	0	0	1	0	0	0	0	0	0	0	0	1	0	0	0	1	0	0
Zotu582	0	0	0	41	0	0	0	1	0	0	0	0	0	0	0	0	0	0	0	0	2	0	0
Zotu472	0	0	0	69	0	0	0	0	0	0	0	0	0	0	0	0	7	0	0	0	0	0	0
Zotu1343	0	0	0	10	0	0	0	0	0	0	0	0	0	0	0	0	0	0	0	0	2	0	0
Zotu392	0	0	0	104	0	0	0	11	0	0	0	0	0	0	0	0	0	0	0	0	0	0	0
Zotu452	0	0	0	78	0	0	0	0	0	0	0	0	1	0	0	0	0	0	0	0	0	0	0
Zotu1430	0	0	0	2	0	0	0	4	0	0	0	0	4	0	0	0	0	0	0	4	0	0	0
Zotu999	0	0	0	23	0	0	0	0	0	0	0	0	1	0	0	0	0	0	0	1	1	0	0
Zotu711	0	0	0	6	0	0	0	2	0	0	5	0	7	0	0	0	0	0	2	4	0	0	0
Zotu73	0	0	0	25	0	0	0	0	0	0	0	0	0	0	0	0	0	0	1406	0	0	0	0
Zotu675	0	0	0	30	0	0	0	0	0	0	0	0	2	0	0	0	1	0	0	3	0	0	0
Zotu470	0	0	0	73	0	0	0	0	0	0	0	0	0	0	0	0	8	0	0	0	0	0	0
Zotu985	0	0	0	13	0	0	0	7	0	0	1	0	5	0	0	0	2	6	1	10	0	0	0
Zotu904	0	0	0	20	0	0	0	0	0	0	0	0	0	0	0	0	0	0	0	3	0	0	0
Zotu82	0	0	0	45	1	0	0	0	0	0	0	0	0	0	0	0	0	0	1153	0	0	0	0
Zotu438	0	0	0	87	0	0	0	0	0	0	0	0	0	0	0	0	0	0	0	0	0	0	0
Zotu61	0	0	0	48	1	0	0	0	0	0	0	0	0	0	0	0	0	0	1657	0	0	0	0
Zotu432	0	0	0	82	0	0	0	0	0	0	0	0	0	0	0	0	0	0	0	0	1	0	0
Zotu464	0	0	0	66	0	0	0	1	0	0	0	0	0	0	0	0	0	0	0	0	6	0	0
Zotu1026	0	0	0	37	0	0	0	0	0	0	0	0	0	0	0	0	0	0	0	7	0	0	0
Zotu1048	0	0	0	8	1	0	0	6	0	0	0	0	0	2	0	0	0	0	1	1	0	0	0
Zotu495	0	0	0	64	0	0	0	0	0	0	0	0	1	0	0	0	0	0	0	0	0	0	0
Zotu446	0	0	0	85	0	0	0	0	0	0	0	0	4	0	0	0	0	0	0	0	0	0	0
Zotu997	0	0	0	3	2	0	0	3	0	0	3	0	3	0	0	0	0	0	1	2	0	0	0
Zotu356	0	0	0	111	0	0	0	0	0	0	0	0	0	0	0	0	3	0	0	0	0	0	0
Zotu458	0	0	0	74	0	0	0	0	0	0	0	0	0	0	0	0	5	0	0	0	0	0	0
Zotu823	0	0	0	15	1	0	0	1	0	0	1	0	5	0	0	0	1	0	4	4	0	0	0
Zotu781	0	0	0	7	6	0	0	6	0	0	4	0	0	0	0	0	1	1	0	0	0	0	0
Zotu736	0	0	0	29	0	0	0	0	0	0	0	0	0	0	0	0	0	0	0	0	0	0	0
Zotu1290	0	0	0	12	0	0	0	2	0	0	1	0	0	0	0	0	0	0	0	2	0	0	0
Zotu1214	0	0	0	33	0	0	0	0	0	0	0	0	1	0	0	0	0	0	0	3	0	0	0
Zotu885	0	0	0	21	0	0	0	0	0	0	0	0	0	0	0	0	0	0	0	0	3	0	0
Zotu801	0	0	0	14	0	0	0	0	0	0	1	0	5	0	0	0	0	0	0	4	0	0	0
Zotu889	0	0	0	20	0	0	0	0	0	0	0	0	1	0	0	0	2	0	0	9	1	0	0
Zotu314	0	0	0	119	21	0	1	0	0	0	0	0	1	0	0	0	7	0	0	38	0	0	0
Zotu549	0	0	0	47	0	0	0	0	0	0	0	0	0	0	0	0	3	0	0	0	0	0	0
Zotu503	0	0	0	75	0	0	0	3	0	0	0	0	0	0	0	0	0	0	0	0	0	0	0
Zotu737	0	0	0	30	0	0	0	0	0	0	0	0	0	0	0	0	0	0	0	0	0	0	0
Zotu1369	0	0	0	3	0	0	0	2	0	0	0	0	1	0	1	0	0	0	0	3	0	0	0
Zotu372	0	0	0	113	0	0	0	0	0	0	0	0	1	0	0	0	0	0	0	0	0	0	0
Zotu855	0	0	0	28	0	0	0	0	0	0	0	0	0	0	0	0	0	0	0	0	0	0	0
Zotu417	0	0	0	93	0	0	0	0	0	0	0	1	5	0	0	0	0	0	0	0	0	0	0
Zotu684	0	0	0	27	0	0	0	0	0	0	0	0	0	0	0	0	0	0	0	3	0	0	0
Zotu703	0	0	0	22	0	0	0	0	0	0	0	0	2	0	0	0	1	0	0	8	0	0	0
Zotu1251	0	0	0	24	0	0	0	0	0	0	0	0	0	0	0	0	0	0	0	0	0	0	0
Zotu632	0	0	0	10	2	0	0	1	0	0	2	0	1	9	0	0	0	0	0	11	0	0	0
Zotu1329	0	0	0	8	1	0	0	1	0	0	0	0	2	0	0	0	0	0	2	4	0	0	0
Zotu91	0	0	0	29	0	0	0	0	0	0	0	0	0	0	0	0	0	0	1022	0	0	0	0
Zotu1345	0	0	0	27	0	0	0	6	0	0	0	0	7	0	0	0	0	0	6	7	0	0	0
Zotu722	0	0	0	21	0	0	0	0	0	0	0	0	0	0	0	0	0	0	0	8	0	0	0
Zotu508	0	0	0	55	0	0	0	0	0	0	0	0	0	0	0	0	0	0	0	0	3	0	0
Zotu567	0	0	0	55	0	0	0	0	0	0	0	0	0	0	0	0	0	0	0	0	0	0	0
Zotu471	0	0	0	86	0	0	0	0	0	0	0	0	0	0	0	0	0	0	0	0	0	0	0
Zotu574	0	0	0	47	0	0	0	4	0	0	0	0	0	0	0	0	0	0	0	0	0	0	0
Zotu715	0	0	0	32	0	0	0	0	0	0	0	0	0	0	0	0	0	0	0	0	0	0	0
Zotu871	0	0	0	27	0	0	0	0	0	0	0	0	0	0	0	0	0	0	0	0	0	0	0
Zotu1333	0	0	0	1	3	0	0	0	0	0	5	46	3	0	0	0	0	0	0	13	0	0	5
Zotu672	0	0	0	27	0	0	0	0	0	0	0	0	0	0	0	0	0	0	0	0	2	0	0
Zotu479	0	0	0	79	0	0	0	8	0	0	0	0	0	0	0	0	0	0	0	0	0	0	0
Zotu497	0	0	0	65	0	0	0	3	0	0	0	0	0	0	0	0	0	0	0	0	3	0	0
Zotu565	0	0	0	43	0	0	0	0	0	1	0	0	0	0	0	0	1	0	0	0	3	0	0
Zotu342	0	0	0	126	0	0	0	0	0	0	0	0	0	0	0	0	8	0	0	0	0	0	0
Zotu1300	0	0	0	21	0	0	0	23	0	0	6	0	6	0	0	0	0	0	4	2	0	0	0
Zotu1078	0	0	0	18	0	0	0	17	0	0	0	0	6	0	0	3	0	0	0	5	0	0	0
Zotu319	0	0	0	115	20	0	0	0	0	0	0	0	0	0	0	0	0	0	0	25	0	0	0
Zotu1388	0	0	0	14	1	0	0	2	0	0	2	0	16	0	0	0	1	0	2	1	0	0	0
Zotu365	0	0	0	113	0	0	0	0	0	0	0	0	0	0	0	0	9	0	0	0	0	0	0
Zotu646	0	0	0	37	0	0	0	0	0	0	0	0	0	0	0	0	0	0	0	0	0	0	0
Zotu1117	0	0	0	42	0	0	0	0	0	0	0	0	0	0	0	0	0	0	0	0	0	0	0
Zotu501	0	0	0	63	0	0	0	0	0	0	0	0	0	0	0	0	2	0	0	0	0	0	0
Zotu1231	0	0	0	31	0	0	0	0	0	0	0	0	4	0	0	0	0	0	0	0	1	0	0
Zotu307	0	0	0	161	0	0	0	0	0	0	0	0	1	0	0	0	6	0	0	0	0	0	0
Zotu1144	0	0	0	13	1	0	0	2	0	0	1	0	0	0	0	0	1	0	1	8	0	0	0
Zotu474	0	0	0	73	0	0	0	0	0	0	0	0	5	0	0	0	0	0	0	0	0	0	0
Zotu76	0	0	0	40	1	0	0	0	0	0	0	0	0	0	0	0	1	0	1304	0	0	0	0
Zotu963	0	0	0	12	1	0	0	0	0	0	1	0	1	0	0	0	0	0	0	3	0	0	0
Zotu1178	0	0	0	24	0	0	0	0	0	0	0	0	0	0	0	0	0	0	0	0	0	0	0
Zotu369	0	0	0	84	18	0	0	0	0	0	0	0	0	0	0	0	0	0	0	20	0	0	0
Zotu1035	0	0	0	10	0	0	0	1	0	1	0	0	0	0	0	0	1	0	0	3	3	0	0
Zotu531	0	0	0	62	0	0	0	0	0	0	0	0	0	0	0	0	0	0	0	0	0	0	0
Zotu425	0	0	0	93	0	0	0	0	0	0	0	0	0	0	0	0	3	0	0	0	0	0	0
Zotu393	0	0	0	98	0	0	0	0	0	0	0	0	0	0	0	0	7	0	0	0	0	0	0
Zotu287	0	0	0	140	27	0	0	0	0	0	0	0	1	0	0	0	0	0	0	33	0	0	0
Zotu99	0	0	0	33	0	0	0	0	0	0	0	0	0	0	0	0	0	0	981	0	0	0	0
Zotu1012	0	0	0	17	1	0	0	0	0	0	1	0	15	0	0	0	1	0	5	17	0	0	0
Zotu749	0	0	0	30	0	0	0	0	0	0	0	0	0	0	0	0	2	0	0	0	1	0	0
Zotu598	0	0	0	39	0	0	0	1	0	0	0	0	0	0	0	0	0	0	0	0	2	0	0
Zotu1326	0	0	0	17	7	0	0	10	15	0	8	0	0	0	1	0	0	1	0	2	0	0	0
Zotu72	0	0	0	34	1	0	0	0	0	0	0	0	0	0	0	0	0	0	1354	0	0	0	0
Zotu1453	0	0	0	22	0	0	0	0	0	0	0	0	1	0	0	0	0	0	0	0	1	0	0
Zotu1172	0	0	0	4	1	0	0	2	0	0	2	0	1	0	0	0	0	0	1	1	0	0	0
Zotu1189	0	0	0	4	6	0	0	0	2	0	5	0	0	0	0	0	0	0	1	0	3	42	0
Zotu1142	0	0	0	9	0	0	0	5	0	0	1	0	0	0	0	0	0	0	0	0	0	0	0
Zotu893	0	0	0	32	0	0	0	0	0	0	0	0	0	0	0	0	1	0	0	0	1	0	0
Zotu841	0	0	0	38	0	0	0	0	0	0	0	0	0	0	0	0	0	0	0	0	3	0	0
Zotu1424	0	0	0	5	0	0	0	0	0	0	1	0	0	0	0	0	0	0	1	3	0	0	0
Zotu777	0	0	0	30	0	0	0	0	0	0	0	0	0	0	0	0	0	0	0	0	0	0	0
Zotu421	0	0	0	83	0	0	0	1	0	0	0	0	0	0	0	0	9	0	0	0	0	0	0
Zotu954	0	0	0	6	0	0	0	2	0	0	0	0	8	0	0	0	3	0	3	8	0	0	0
Zotu619	0	0	0	37	0	0	0	0	0	1	0	0	0	0	0	0	2	0	0	0	2	0	0
Zotu1160	0	0	0	8	0	0	0	13	0	0	0	0	9	0	0	0	0	0	3	7	0	0	0
Zotu691	0	0	0	27	0	0	0	0	0	0	0	0	1	0	0	0	1	0	0	9	0	0	0
Zotu1173	0	0	0	25	0	0	0	0	0	0	0	0	0	0	0	0	0	0	0	2	0	0	0
Zotu867	0	0	0	22	0	0	0	0	0	0	0	0	0	0	0	0	0	0	0	0	0	0	0
Zotu469	0	0	0	76	0	0	0	0	0	0	0	0	0	0	0	0	0	0	0	0	2	0	0
Zotu1099	0	0	0	19	0	0	0	0	0	0	0	0	0	0	0	0	0	0	0	0	0	0	0
Zotu278	0	0	0	37	5	0	0	16	0	2	19	0	8	91	0	0	3	0	6	48	0	3	0
Zotu1174	0	0	0	14	0	0	0	0	0	0	0	0	0	0	0	0	0	0	0	0	0	0	0
Zotu660	0	0	0	30	0	0	0	0	0	0	0	0	0	0	0	0	0	0	0	0	2	0	0
Zotu1030	0	0	0	26	0	0	0	0	0	0	0	0	0	0	0	0	0	0	0	10	0	0	0
Zotu995	0	0	0	7	1	0	0	4	0	0	4	0	3	0	0	0	0	0	1	0	0	0	0
Zotu1134	0	0	0	5	2	0	0	9	0	0	1	0	3	0	0	0	3	0	1	1	0	0	0
Zotu1242	0	0	0	4	0	0	0	0	0	0	0	0	0	0	0	0	24	0	0	0	0	0	0
Zotu827	0	0	0	5	1	0	0	5	0	0	3	0	2	5	0	0	0	0	0	5	0	0	0
Zotu551	0	0	0	17	1	0	0	6	0	0	11	0	6	17	0	0	0	0	1	3	0	0	0
Zotu1241	0	0	0	11	0	0	0	0	0	0	0	0	0	0	0	0	0	0	0	0	0	0	0
Zotu883	0	0	0	11	0	0	0	1	0	0	0	0	2	0	0	0	2	0	0	10	0	0	0
Zotu1274	0	0	0	8	0	0	0	0	0	0	0	0	0	0	0	0	0	0	0	0	2	0	0
Zotu586	0	0	0	11	5	0	0	6	0	0	5	0	4	8	0	0	0	0	1	3	0	0	0
Zotu1261	0	0	0	14	5	0	0	8	0	0	2	0	6	0	0	0	1	0	0	1	0	0	0
Zotu454	0	0	0	81	0	0	0	0	0	0	0	0	0	0	0	0	0	0	0	0	0	0	0
Zotu322	0	0	0	98	26	0	0	0	0	0	0	0	2	0	0	0	0	0	0	22	0	0	0
Zotu599	0	0	0	15	3	0	0	13	0	1	0	0	8	7	0	0	3	0	2	6	0	0	0
Zotu1374	0	0	0	21	2	0	0	15	0	0	5	0	14	0	0	0	0	0	12	8	0	0	0
Zotu1100	0	0	0	42	0	0	0	0	0	0	0	0	0	0	0	0	0	0	0	0	0	0	0
Zotu726	0	0	0	19	0	0	0	0	0	0	0	0	0	0	0	0	0	0	0	6	0	0	0
Zotu768	0	0	0	28	0	0	0	0	0	0	0	0	0	0	0	0	0	0	0	0	0	0	0
Zotu1254	0	0	0	4	0	0	0	7	0	0	0	0	2	0	0	0	1	0	1	4	0	0	0
Zotu443	0	0	0	76	0	0	0	0	0	0	0	0	0	0	0	0	0	0	0	0	0	0	0
Zotu1157	0	0	0	12	0	0	0	2	0	0	2	0	0	0	0	0	0	0	0	1	0	0	0
Zotu720	0	0	0	20	0	0	0	1	0	0	0	0	0	0	0	0	2	0	0	5	2	0	0
Zotu169	0	0	0	2	0	0	0	0	0	0	1	0	1	0	0	0	521	0	0	0	0	0	0
Zotu506	0	0	0	58	0	0	0	1	0	0	0	0	0	0	0	0	0	0	0	0	3	0	0
Zotu473	0	0	0	73	0	0	0	0	0	0	0	0	0	0	0	0	2	0	0	0	1	0	0
Zotu964	0	0	0	10	5	0	0	3	0	0	1	2	0	0	1	0	0	2	1	0	0	0	0
Zotu898	0	0	0	7	2	0	0	0	0	0	3	0	0	0	0	3	0	0	2	6	3	0	1
Zotu643	0	0	0	29	0	0	0	0	0	0	0	0	0	0	0	0	0	0	0	0	5	0	0
Zotu1049	0	0	0	13	0	0	0	8	0	0	0	0	13	0	0	0	0	0	2	3	0	0	0
Zotu617	0	0	0	7	8	0	0	7	0	0	7	0	3	6	0	0	0	0	0	2	0	0	0
Zotu1325	0	0	0	12	0	0	0	0	0	0	0	0	0	0	0	0	0	0	0	0	1	0	0
Zotu1210	0	0	0	3	0	0	0	0	0	0	1	0	2	0	0	0	4	0	1	2	0	0	0
Zotu269	0	0	0	49	11	0	0	25	0	0	26	0	15	83	1	0	3	0	5	34	0	3	0
Zotu1190	0	0	0	40	0	0	0	0	0	0	0	0	3	0	0	0	0	0	0	3	0	0	0
Zotu534	0	0	0	9	5	0	0	7	0	0	7	0	3	15	0	0	0	0	2	5	0	0	0
Zotu1289	0	0	0	6	1	0	0	3	0	1	0	0	3	0	1	1	1	0	1	3	0	0	0
Zotu652	0	0	0	41	0	0	0	0	0	0	0	0	0	0	0	0	0	0	0	3	0	0	0
Zotu956	0	0	0	7	2	0	0	8	0	0	0	0	0	2	0	0	0	0	0	0	0	0	0
Zotu826	0	0	0	8	1	0	0	10	0	0	0	0	0	4	0	0	0	0	0	0	0	0	0
Zotu1298	0	0	0	4	0	0	0	4	0	0	3	0	3	0	0	0	0	0	0	8	0	0	0
Zotu64	0	0	0	40	0	0	0	0	0	0	0	0	0	0	0	0	0	0	1582	0	0	0	0
Zotu1221	0	0	0	2	1	0	0	6	0	0	0	0	0	1	0	0	0	0	1	0	0	0	0
Zotu569	0	0	0	48	0	0	0	0	0	0	0	0	0	0	0	0	0	0	0	0	1	0	0
Zotu763	0	0	0	24	0	0	0	0	0	0	0	0	0	0	0	0	0	0	0	0	2	0	0
Zotu813	0	0	0	7	4	0	0	8	0	0	3	0	0	0	0	0	1	2	1	0	0	0	0
Zotu679	0	0	0	3	6	0	0	1	0	0	12	0	2	15	0	0	0	0	0	3	0	0	0
Zotu74	0	0	0	44	1	0	0	0	0	0	0	0	0	0	0	0	0	0	1331	0	0	0	0
Zotu947	0	0	0	35	0	0	0	0	0	0	0	0	0	0	0	0	0	0	0	0	1	0	0
Zotu1114	0	0	0	17	0	0	0	0	0	0	0	0	0	0	0	0	1	0	0	0	2	0	0
Zotu865	0	0	0	6	1	0	0	8	0	0	0	0	0	5	0	0	0	0	0	0	0	0	0
Zotu255	0	0	0	3	0	0	0	0	0	0	0	0	2	0	0	0	265	0	0	1	0	0	0
Zotu559	0	0	0	50	0	0	0	0	0	0	0	0	1	0	0	0	1	0	0	0	1	0	0
Zotu603	0	0	0	10	1	0	0	3	1	2	1	0	9	0	0	8	3	3	1	1	0	2	1
Zotu1302	0	0	0	33	0	0	0	21	0	0	0	0	0	0	0	0	0	0	0	0	0	0	0
Zotu1102	0	0	0	8	1	0	0	0	0	0	0	0	3	0	0	0	0	0	0	8	0	0	0
Zotu1277	0	0	0	5	0	0	0	2	0	0	0	0	5	0	1	0	2	0	1	0	0	0	0
Zotu869	0	0	0	22	0	0	0	0	0	0	0	0	1	0	0	0	0	0	0	0	1	0	0
Zotu1207	0	0	0	20	0	0	0	0	0	0	0	0	0	0	0	0	0	0	0	0	0	0	0
Zotu600	0	0	0	42	0	0	0	0	0	0	0	0	0	0	0	0	0	0	0	3	0	0	0
Zotu253	0	0	0	2	2	0	0	0	0	0	0	0	1	0	0	0	0	0	264	2	0	0	0
Zotu687	0	0	0	10	2	0	0	13	0	0	3	0	4	4	0	0	2	0	2	10	0	0	0
Zotu1435	0	0	0	27	0	0	0	0	0	0	0	0	0	0	0	0	0	0	0	0	0	0	0
Zotu1166	0	0	0	22	0	0	0	0	0	0	1	0	3	0	0	0	0	0	5	4	0	0	0
Zotu194	0	0	0	11	0	0	0	0	0	0	0	0	2	0	0	0	0	0	419	2	0	0	0
Zotu979	0	0	0	3	2	0	0	6	0	0	2	0	3	0	0	2	0	0	0	1	0	0	0
Zotu760	0	0	0	7	1	0	0	5	0	0	0	0	2	1	0	6	1	5	2	0	0	1	0
Zotu608	0	0	0	19	0	0	0	16	0	1	2	0	6	5	0	0	6	0	2	8	0	0	0
Zotu1449	0	0	0	14	0	0	0	0	0	0	0	0	0	0	0	0	0	0	0	0	1	0	0
Zotu1133	0	0	0	3	1	0	0	1	0	0	0	0	0	6	0	0	0	0	4	1	0	0	0
Zotu734	0	0	0	6	2	0	0	8	0	0	5	0	0	11	0	0	1	0	0	2	0	0	0
Zotu1404	0	0	0	14	0	0	0	0	0	0	0	0	0	0	0	0	0	0	0	0	0	0	0
Zotu794	0	0	0	30	0	0	0	0	0	0	0	0	0	0	0	0	0	0	0	5	0	0	0
Zotu1111	0	0	0	20	0	0	0	0	0	0	0	0	0	0	0	0	0	0	0	0	0	0	0
Zotu529	0	0	0	16	1	0	0	13	0	0	6	0	9	7	0	0	2	0	2	12	0	0	0
Zotu989	0	0	0	23	0	0	0	0	0	0	0	0	0	0	0	0	0	0	0	0	0	0	0
Zotu1457	0	0	0	8	0	0	0	0	0	0	0	0	0	0	0	0	0	0	0	0	0	0	0
Zotu881	0	0	0	5	0	0	0	2	0	0	2	0	2	2	0	0	2	4	1	3	0	1	1
Zotu1439	0	0	0	2	0	1	0	4	0	0	1	0	2	0	0	0	0	0	1	0	0	0	0
Zotu975	0	0	0	24	0	0	0	0	0	0	0	0	0	0	0	0	0	0	0	1	0	0	0
Zotu626	0	0	0	18	2	0	0	10	0	1	4	0	5	6	0	0	2	0	1	7	0	0	0
Zotu856	0	0	0	6	0	0	0	3	0	0	1	0	4	0	0	2	4	3	2	1	0	0	0
Zotu1436	0	0	0	12	0	0	0	0	0	0	0	0	2	0	0	0	0	0	1	0	5	0	0
Zotu738	0	0	0	7	4	0	0	8	0	0	7	0	6	0	0	0	0	1	1	2	0	0	0
Zotu1084	0	0	0	7	0	0	0	6	0	0	3	0	3	0	0	4	0	1	0	0	0	0	0
Zotu561	0	0	0	12	1	0	0	13	0	0	6	0	3	5	0	0	7	0	1	7	0	0	0
Zotu1410	0	0	0	5	0	0	0	3	0	0	0	0	0	1	0	0	0	0	1	0	0	0	0
Zotu1175	0	0	0	38	5	0	0	0	0	0	7	0	2	0	0	0	0	0	0	16	0	0	0
Zotu1422	0	0	0	3	1	0	0	4	0	0	0	0	3	0	0	0	1	0	1	0	0	0	0
Zotu866	0	0	0	12	0	0	0	1	0	0	0	0	0	0	0	0	5	0	0	9	2	0	0
Zotu1351	0	0	0	10	0	0	0	0	0	0	0	0	0	0	0	0	0	0	0	0	0	0	0
Zotu1204	0	0	0	6	0	0	0	0	0	0	0	0	4	0	0	0	0	0	0	4	0	0	0
Zotu605	0	0	0	33	0	0	0	0	0	3	0	0	0	0	0	0	2	0	0	0	3	0	0
Zotu1297	0	0	0	7	1	0	0	3	0	0	0	0	0	2	0	0	0	0	0	1	0	0	0
Zotu704	0	0	0	8	6	0	0	5	0	0	7	0	1	3	0	0	0	0	1	4	0	0	0
Zotu1342	0	0	0	5	0	0	0	7	0	0	2	1	1	0	0	0	2	2	0	3	0	0	0
Zotu640	0	0	0	9	2	0	0	6	0	0	4	0	8	0	0	0	2	0	1	4	0	0	0
Zotu758	0	0	0	7	0	0	0	4	0	0	3	0	2	10	0	0	1	0	1	1	0	0	0
Zotu1465	0	0	0	12	0	0	0	0	0	0	0	0	0	0	0	0	0	0	0	0	0	0	0
Zotu1177	0	0	0	6	1	0	0	1	0	0	0	0	2	14	0	0	0	0	0	1	0	0	0
Zotu1452	0	0	0	7	0	0	0	7	0	0	0	0	8	0	0	0	0	0	2	6	0	0	0
Zotu996	0	0	0	4	1	0	0	0	0	0	2	0	3	0	0	3	0	3	1	3	0	0	0
Zotu958	0	0	0	25	0	0	0	0	0	0	0	0	0	0	0	0	0	0	0	0	0	0	0
Zotu965	0	0	0	16	0	0	0	0	0	0	0	0	1	0	0	0	0	0	0	0	1	0	0
Zotu1194	0	0	0	20	0	0	0	0	0	0	0	0	0	0	0	0	0	0	0	0	2	0	0
Zotu1427	0	0	0	13	0	0	0	0	0	0	0	0	0	0	0	0	0	0	0	0	0	0	0
Zotu1392	0	0	0	11	2	0	0	6	0	0	3	0	1	0	0	0	2	0	2	2	0	0	0
Zotu1278	0	0	0	2	0	0	0	3	0	0	4	0	1	0	0	0	0	0	1	1	0	0	0
Zotu678	0	0	0	5	4	0	0	2	0	0	9	0	1	6	0	0	1	0	0	6	0	0	0
Zotu1423	0	0	0	3	0	0	0	4	0	0	3	0	0	0	0	0	0	0	0	1	0	0	0
Zotu992	0	0	0	11	0	0	0	5	0	0	5	0	5	0	0	0	0	0	0	5	0	0	0
Zotu276	0	0	0	4	0	0	0	0	0	0	0	0	1	0	0	0	0	0	232	1	0	0	0
Zotu874	0	0	0	6	0	0	0	3	0	0	3	0	0	8	0	0	0	0	0	2	0	0	0
Zotu566	0	0	0	7	5	0	0	3	0	0	12	0	2	13	0	0	4	0	0	3	0	0	0
Zotu972	0	0	0	2	1	1	0	7	0	0	4	0	3	0	0	0	0	1	2	4	0	0	0
Zotu981	0	0	0	2	2	0	0	2	0	0	0	0	3	0	0	1	1	0	4	3	0	0	0
Zotu1202	0	0	0	4	2	0	0	0	0	0	0	0	1	0	0	0	2	0	4	1	0	0	0
Zotu659	0	0	0	4	2	0	0	6	0	0	5	0	4	7	0	0	2	0	1	1	0	0	0
Zotu708	0	0	0	3	1	0	0	3	0	0	0	0	7	0	0	0	4	0	1	7	0	0	0
Zotu1023	0	0	0	5	2	0	0	5	0	0	1	0	1	0	0	0	0	0	0	3	0	0	0
Zotu1021	0	0	0	4	6	0	0	0	0	0	2	0	1	0	0	0	1	0	1	7	0	0	0
Zotu590	0	0	0	6	6	0	0	3	0	0	4	0	0	20	0	0	0	0	1	4	0	1	0
Zotu751	0	0	0	3	1	0	0	6	0	0	4	0	2	5	0	0	0	0	2	4	0	0	0
Zotu984	0	0	0	5	0	0	0	6	0	0	3	0	2	0	0	0	0	0	0	4	0	0	0
Zotu1224	0	0	0	7	0	0	0	0	0	0	1	0	2	0	0	0	0	0	1	1	0	0	0
Zotu878	0	0	0	10	0	0	0	0	0	0	0	0	1	0	0	0	2	0	0	15	2	0	0
Zotu957	0	0	0	7	1	0	0	5	0	0	1	0	2	0	0	0	1	0	1	3	0	0	0
Zotu983	0	0	0	1	18	0	0	1	0	0	13	0	1	4	0	0	1	0	0	5	0	0	0
Zotu991	0	0	0	8	0	0	0	6	0	0	2	0	3	0	0	0	1	0	1	4	0	0	0
Zotu728	0	0	0	5	0	0	0	8	0	0	6	0	1	6	0	0	0	0	1	2	0	0	0
Zotu993	0	0	0	7	1	0	0	9	0	0	0	0	0	3	0	0	0	0	0	0	0	0	0
Zotu624	0	0	0	22	3	0	0	15	0	0	4	0	1	4	0	0	1	0	5	6	0	0	0
Zotu1352	0	0	0	8	0	0	0	0	0	0	0	0	0	0	0	0	0	0	0	3	0	0	0
Zotu1041	0	0	0	4	0	0	0	9	0	0	0	0	0	5	0	0	0	0	0	0	0	0	0
Zotu1456	0	0	0	11	0	0	0	0	0	0	0	0	0	0	0	0	0	0	0	0	0	0	0
Zotu1209	0	0	0	7	0	0	0	0	0	0	0	0	3	0	0	0	0	0	0	1	1	0	0
Zotu1276	0	0	0	4	0	0	0	1	0	0	1	0	1	0	0	0	0	0	0	5	0	0	0
Zotu1036	0	0	0	8	1	0	0	4	0	0	0	0	0	3	0	0	0	0	0	0	0	0	0
Zotu213	0	0	0	4	1	0	0	0	0	0	0	0	0	0	0	0	0	0	366	3	0	0	0
Zotu1467	0	0	0	9	0	0	0	0	0	0	0	0	0	0	0	0	0	0	0	0	1	0	0
Zotu946	0	0	0	7	0	0	0	9	0	0	0	0	0	1	0	0	0	0	0	0	0	0	0
Zotu1032	0	0	0	5	0	0	0	0	0	0	0	0	7	0	0	0	0	0	1	2	0	0	0
Zotu713	0	0	0	11	1	0	0	12	0	0	4	0	4	0	0	0	0	0	0	1	0	0	0
Zotu816	0	0	0	9	2	0	0	0	0	0	0	0	4	0	0	0	0	0	0	8	0	0	0
Zotu916	0	0	0	4	0	0	0	0	0	0	3	0	1	6	0	0	0	0	0	5	0	0	0
Zotu1229	0	0	0	1	0	0	0	0	0	0	0	0	4	0	0	1	1	3	0	4	0	0	0
Zotu1419	0	0	0	7	0	0	0	1	0	0	0	0	0	0	0	0	0	9	1	2	2	0	0
Zotu1034	0	0	0	4	1	0	0	0	1	0	0	1	3	0	0	0	0	4	1	1	2	0	1
Zotu1462	0	0	0	20	2	0	0	11	0	0	8	0	21	0	0	0	3	0	4	7	0	0	0
Zotu1055	0	0	0	3	0	0	0	11	0	0	2	0	4	0	0	0	1	0	2	7	0	0	0
Zotu951	0	0	0	5	2	0	0	6	0	0	2	0	7	0	0	0	1	0	2	10	0	0	0
Zotu1135	0	0	0	5	0	0	0	0	0	0	0	0	0	0	0	0	27	0	0	0	0	0	0
Zotu698	0	0	0	4	0	0	0	0	0	0	5	0	0	15	0	0	1	0	0	6	0	0	0
Zotu611	0	0	0	8	4	0	0	7	0	0	1	0	2	10	0	0	1	0	2	4	0	0	0
Zotu1443	0	0	0	3	0	0	0	10	0	0	0	0	7	0	0	10	2	0	1	6	0	0	0
Zotu1412	0	0	0	2	2	0	0	0	0	1	0	0	2	0	0	0	0	0	1	2	0	0	0
Zotu206	0	0	0	6	1	0	0	0	0	0	0	0	3	0	0	0	0	0	368	5	0	0	0
Zotu793	0	0	0	8	2	0	0	8	0	0	2	0	3	0	0	3	0	1	2	4	0	0	2
Zotu1447	0	0	0	3	11	0	0	0	0	0	6	0	0	2	0	0	1	0	0	1	0	0	0
Zotu1184	0	0	0	8	2	0	0	3	0	0	0	0	0	1	0	0	0	0	0	1	0	0	0
Zotu1153	0	0	0	5	0	0	0	2	0	0	0	0	3	0	0	0	0	0	0	4	0	0	0
Zotu1213	0	0	0	2	0	0	0	5	0	0	0	0	2	0	0	0	0	0	1	4	0	0	0
Zotu932	0	0	0	3	0	0	0	1	0	0	4	0	4	0	0	0	1	1	2	2	0	0	0
Zotu518	0	0	0	10	2	0	0	17	0	0	12	0	3	7	0	0	4	0	4	14	0	0	0
Zotu815	0	0	0	2	0	0	0	4	0	0	1	0	6	0	1	2	0	4	3	0	0	0	2
Zotu1416	0	0	0	3	8	0	0	0	0	0	4	0	0	2	0	0	0	0	1	2	0	0	0
Zotu1108	0	0	0	5	0	0	0	11	0	0	0	0	7	0	0	0	1	0	1	3	0	2	0
Zotu1003	0	0	0	6	1	0	0	3	0	0	0	0	3	0	0	0	1	0	1	3	0	0	0
Zotu1353	0	0	0	2	0	0	0	0	0	0	0	0	0	8	0	0	0	0	0	1	0	0	0
Zotu251	0	0	0	6	0	0	0	0	0	0	0	0	1	0	0	0	0	0	270	1	0	0	0
Zotu1295	0	0	0	2	1	0	0	3	0	0	0	0	1	0	0	0	0	0	0	4	0	0	0
Zotu1147	0	0	0	4	7	0	0	1	0	0	0	0	0	24	0	0	1	0	0	0	0	0	0
Zotu805	0	0	0	7	2	0	0	1	0	0	4	0	3	0	0	3	0	0	0	3	0	1	1
Zotu766	0	0	0	5	3	0	0	6	0	0	6	0	1	14	0	0	2	0	0	4	0	0	0
Zotu1282	0	0	0	16	0	0	0	0	0	0	0	0	0	0	0	0	0	0	0	0	0	0	0
Zotu1257	0	0	0	13	0	0	0	0	0	0	0	0	0	0	0	0	0	0	0	0	0	0	0
Zotu1264	0	0	0	10	0	0	0	0	0	0	0	0	0	0	0	0	0	0	0	2	0	0	0
Zotu940	0	0	0	3	0	0	0	4	0	0	2	0	5	0	0	0	0	0	1	1	0	1	2
Zotu752	0	0	0	10	2	0	0	16	0	0	5	0	3	6	0	0	3	0	2	7	0	0	0
Zotu729	0	0	0	4	1	0	0	8	0	0	3	0	2	1	0	0	5	0	3	0	0	0	0
Zotu1161	0	0	0	2	0	0	0	0	0	0	2	0	1	3	0	0	1	0	1	4	0	0	0
Zotu1273	0	0	0	2	0	0	0	0	0	0	0	0	0	0	0	0	25	0	0	0	0	0	0
Zotu1212	0	0	0	4	1	0	0	0	0	0	1	0	3	0	0	0	0	0	1	1	0	0	0
Zotu1171	0	0	0	2	0	0	0	4	0	0	0	0	1	4	0	0	0	0	2	3	0	0	0
Zotu872	0	0	0	7	3	0	0	0	0	0	0	0	4	0	0	0	1	0	3	3	0	0	0
Zotu891	0	0	0	7	1	0	0	1	0	0	0	1	8	0	0	0	0	6	0	4	0	0	0
Zotu948	0	0	0	1	2	0	0	3	0	0	3	0	2	0	0	1	1	0	0	5	0	0	0
Zotu1061	0	0	0	5	1	0	0	4	0	0	0	0	4	0	0	0	0	0	0	3	0	0	0
Zotu1411	0	0	0	2	0	0	0	1	0	0	0	0	6	0	0	0	0	0	0	4	0	0	0
Zotu209	0	0	0	4	0	0	0	0	0	0	0	0	0	0	0	0	0	0	366	1	0	0	0
Zotu232	0	0	0	4	0	0	0	0	0	0	1	0	3	0	0	0	320	0	0	0	0	0	0
Zotu812	0	0	0	25	0	0	0	0	0	0	0	0	0	0	0	0	0	0	0	0	1	0	0
Zotu886	0	0	0	4	0	0	0	1	0	0	1	0	2	0	0	4	0	2	3	2	0	1	0
Zotu1045	0	0	0	4	0	0	0	5	1	0	4	0	5	0	0	0	0	0	1	11	0	0	0
Zotu920	0	0	0	2	1	0	0	1	0	1	5	0	2	0	0	0	0	2	0	6	0	0	1
Zotu717	0	0	0	5	4	0	0	2	0	0	7	0	2	2	0	0	0	0	2	2	0	0	0
Zotu627	0	0	0	7	3	0	0	5	0	0	3	0	6	0	0	1	3	0	1	1	1	1	0
Zotu919	0	0	0	2	3	0	0	4	0	0	4	0	0	3	0	0	1	0	3	3	0	0	0
Zotu1136	0	0	0	4	2	0	0	5	0	0	0	0	0	3	0	0	0	0	1	0	0	0	0
Zotu1458	0	0	0	2	0	0	0	1	0	0	0	0	1	5	0	0	0	0	0	1	0	0	0
Zotu746	0	0	0	4	0	0	0	1	1	1	0	0	2	1	0	7	1	2	3	10	1	1	0
Zotu1260	0	0	0	2	2	0	0	1	0	0	1	0	2	0	0	0	0	0	0	4	0	0	0
Zotu709	0	0	0	4	4	0	0	2	0	0	9	0	2	5	0	0	1	0	0	3	0	0	0
Zotu1420	0	0	0	1	0	0	0	0	0	0	1	0	1	6	0	0	1	0	0	0	0	0	0
Zotu1466	0	0	0	5	1	0	0	1	0	0	2	0	0	0	0	0	1	0	0	0	0	0	0
Zotu1380	0	0	0	4	1	0	0	0	0	0	3	0	0	0	0	0	0	0	0	4	0	0	0
Zotu849	0	0	0	4	0	0	0	5	0	0	4	0	6	0	0	1	1	0	0	1	0	0	2
Zotu1042	0	0	0	4	0	0	0	6	0	0	0	0	4	0	0	0	0	0	0	3	0	0	0
Zotu1464	0	0	0	10	0	0	0	0	0	0	0	0	0	0	0	0	0	0	0	0	0	0	0
Zotu214	0	0	0	5	1	0	0	0	0	0	0	0	0	0	0	0	0	0	337	4	0	0	0
Zotu1258	0	0	0	6	0	0	0	0	0	0	1	0	4	0	0	0	1	0	0	0	0	0	0
Zotu1027	0	0	0	2	1	0	0	1	0	0	0	0	7	0	0	0	0	1	0	9	0	0	0
Zotu1040	0	0	0	1	0	0	0	0	0	1	2	0	0	0	0	0	8	0	0	5	4	0	0
Zotu1448	0	0	0	5	0	0	0	0	0	0	0	0	3	0	0	0	0	0	0	0	0	0	0
Zotu1234	0	0	0	3	0	0	0	6	0	0	0	0	0	6	0	0	0	0	0	0	0	0	0
Zotu1039	0	0	0	6	1	0	0	3	0	0	2	0	0	3	0	0	1	0	0	0	0	0	0
Zotu839	0	0	0	2	0	0	0	1	1	0	0	1	5	0	0	1	0	7	0	3	2	0	0
Zotu1092	0	0	0	4	1	0	0	0	0	0	4	0	0	1	0	0	0	0	0	5	0	0	0
Zotu208	0	0	0	3	0	0	0	0	0	0	1	0	1	0	0	0	376	0	0	0	0	0	0
Zotu901	0	0	0	3	2	2	0	0	0	0	2	0	0	0	0	2	0	6	1	0	0	3	0
Zotu1208	0	0	0	4	1	0	0	3	0	0	2	0	2	0	0	0	2	0	0	0	0	0	0
Zotu1377	0	0	0	7	3	0	0	4	0	0	4	0	7	0	0	0	2	0	2	0	0	0	0
Zotu1255	0	0	0	3	1	0	0	2	0	0	0	0	0	9	0	0	0	0	0	1	0	0	0
Zotu990	0	0	0	2	2	0	0	0	0	0	0	0	2	0	1	1	0	4	4	3	0	1	0
Zotu928	0	0	0	3	0	0	0	2	0	0	0	0	2	8	0	0	0	0	0	2	0	0	0
Zotu1354	0	0	0	3	1	0	0	4	0	0	1	0	3	0	0	0	0	0	1	1	0	0	0
Zotu1294	0	0	0	3	5	0	0	0	0	0	0	0	2	0	0	0	0	3	0	0	0	0	1
Zotu207	0	0	0	2	0	0	0	0	0	0	0	0	1	0	0	0	376	0	0	1	0	0	0
Zotu1098	0	0	0	1	0	0	0	0	0	2	3	19	0	1	0	0	0	0	0	0	0	0	0
Zotu636	0	0	0	3	3	0	0	6	0	0	1	0	2	19	0	0	0	0	2	3	0	0	0
Zotu230	0	0	0	1	0	0	0	0	0	0	0	0	0	0	0	0	318	0	0	0	0	0	0
Zotu843	0	0	0	1	0	0	0	5	0	0	3	0	1	4	0	0	0	0	3	6	0	0	0
Zotu977	0	0	0	2	3	0	0	1	0	0	3	0	6	0	0	2	2	0	0	2	0	1	0
Zotu190	0	0	0	1	0	0	0	0	0	0	0	0	2	0	0	0	408	0	0	0	0	0	0
Zotu1375	0	0	0	1	8	0	0	1	0	0	3	0	0	2	0	0	2	0	0	3	0	0	0
Zotu1164	0	0	0	2	1	0	0	2	0	0	1	0	1	0	0	0	3	0	2	3	0	0	0
Zotu1162	0	0	0	2	3	0	0	6	0	0	0	0	7	0	0	0	1	0	0	11	0	0	0
Zotu1107	0	0	0	1	2	0	0	3	0	0	1	0	4	0	0	0	1	0	0	1	0	0	0
Zotu1263	0	0	0	3	2	0	0	0	0	0	1	0	0	0	0	0	0	0	0	0	4	24	0
Zotu1056	0	0	0	3	2	0	0	2	0	0	0	0	6	0	0	0	0	0	0	3	0	0	0
Zotu943	0	0	0	1	11	0	1	0	1	0	6	0	0	0	0	2	0	0	0	0	0	0	0
Zotu1031	0	0	0	3	0	0	0	2	0	0	1	0	6	0	0	1	2	1	1	2	0	0	0
Zotu1188	0	0	0	3	1	1	0	0	0	0	1	0	0	1	0	5	0	0	1	1	0	1	0
Zotu1237	0	0	0	3	1	0	0	2	0	0	2	0	11	0	0	0	3	0	0	8	0	0	0
Zotu806	0	0	0	2	2	0	0	3	0	0	1	0	11	0	0	1	2	0	0	6	0	0	3
Zotu1323	0	0	0	1	9	0	0	2	0	0	1	0	2	2	0	0	1	0	0	3	0	0	0
Zotu1350	0	0	0	4	0	0	0	6	0	0	1	0	6	0	0	0	3	0	1	3	0	0	0
Zotu1406	0	0	0	3	1	0	0	0	0	0	0	0	5	0	0	0	0	0	3	0	0	0	0
Zotu1198	0	0	0	1	0	0	0	0	0	0	1	0	0	6	0	0	2	0	0	9	0	0	0
Zotu653	0	0	0	1	14	0	2	0	0	0	0	0	0	0	0	0	6	0	0	11	1	0	0
Zotu219	0	0	0	1	0	0	0	0	0	0	0	0	0	0	0	0	343	0	0	0	0	0	0
Zotu938	0	0	0	1	0	0	0	5	0	0	2	0	3	0	0	2	0	0	4	1	0	0	0
Zotu250	0	0	0	1	0	0	0	0	0	0	1	0	0	0	0	0	302	0	0	0	0	0	0
Zotu1250	0	0	0	1	0	0	0	3	0	0	0	0	3	0	0	0	0	1	2	1	0	0	0
Zotu1217	0	0	0	1	0	0	0	0	0	0	0	0	0	0	0	4	0	2	1	4	0	1	0
Zotu1344	0	0	0	1	1	0	0	0	0	0	2	0	0	0	0	0	5	0	0	4	0	0	0
Zotu1132	0	0	0	1	0	0	0	3	0	0	3	0	3	5	0	0	0	0	1	2	0	0	0
Zotu254	0	0	0	0	266	0	0	1	0	0	0	0	0	0	0	0	0	0	0	0	0	22	0
Zotu12	0	0	0	0	227	0	0	0	224	0	61	7	0	5142	0	102	3411	0	0	424	3906	0	0
Zotu203	0	0	0	0	376	0	0	2	0	0	0	0	0	0	0	0	0	0	0	0	0	36	0
Zotu309	0	0	0	0	153	0	0	0	0	0	0	0	28	0	0	0	0	0	0	0	0	0	0
Zotu10	0	0	0	0	278	0	0	0	246	0	59	7	0	5458	0	111	3665	0	0	440	4356	0	0
Zotu13	0	0	0	0	188	0	0	0	248	0	52	7	0	4668	0	139	3121	0	0	355	4856	0	0
Zotu321	0	0	0	0	141	0	0	0	0	0	0	0	17	0	0	0	0	0	0	0	0	0	0
Zotu231	0	0	0	0	154	0	0	0	0	0	0	2	122	0	0	0	31	0	0	0	0	0	3
Zotu359	0	0	0	0	129	0	0	0	0	0	2	0	0	0	0	0	0	0	0	0	0	0	0
Zotu9	0	0	0	0	231	0	0	0	284	0	51	12	0	5237	0	180	3386	0	0	381	5927	0	0
Zotu553	0	0	0	0	36	0	0	0	0	0	0	0	19	0	0	0	0	0	0	0	0	0	0
Zotu676	0	0	0	0	35	0	0	0	0	0	0	0	0	0	0	0	0	0	0	0	0	0	0
Zotu238	0	0	0	0	331	0	0	2	0	0	0	0	0	0	0	0	0	0	0	0	0	19	0
Zotu256	0	0	0	0	264	1	0	1	0	0	0	0	0	0	0	0	0	0	0	0	0	11	0
Zotu280	0	0	0	0	214	0	0	0	0	0	0	0	27	0	0	0	0	0	0	0	0	0	0
Zotu466	0	0	0	0	59	0	0	0	0	0	0	0	15	0	0	0	0	0	0	0	0	0	0
Zotu1355	0	0	0	0	35	0	0	0	0	0	0	0	0	0	0	0	0	0	0	0	0	0	0
Zotu391	0	0	0	0	107	0	0	0	1	0	2	0	0	0	0	0	0	0	0	0	0	0	0
Zotu202	0	0	0	0	173	0	0	0	0	0	0	1	164	0	0	0	63	0	0	0	0	0	2
Zotu349	0	0	0	0	142	0	0	0	0	0	2	0	0	0	0	0	0	0	0	0	0	0	0
Zotu618	0	0	0	0	12	0	3	0	0	0	16	0	2	0	0	0	0	0	1	7	0	0	0
Zotu507	0	0	0	0	48	0	0	0	0	0	0	0	21	0	0	0	0	0	0	0	0	0	0
Zotu257	0	0	0	0	273	0	0	0	0	0	0	0	0	0	0	0	1	0	0	0	0	27	0
Zotu236	0	0	0	0	258	0	0	0	0	0	0	0	55	0	0	0	0	0	0	0	0	0	0
Zotu266	0	0	0	0	208	0	0	0	0	0	0	0	41	0	0	0	0	0	0	0	0	0	0
Zotu188	0	0	0	0	436	1	0	1	0	0	0	0	2	0	0	0	1	0	0	0	0	26	0
Zotu225	0	0	0	0	305	0	0	1	0	0	0	0	0	0	0	0	6	0	0	0	0	41	0
Zotu201	0	0	0	0	147	0	0	0	0	0	0	0	186	0	0	0	59	0	0	0	0	0	0
Zotu820	0	0	0	0	26	0	0	0	0	0	0	0	0	5	0	0	0	0	0	0	0	0	0
Zotu235	0	0	0	0	272	0	0	0	0	0	0	0	61	0	0	0	0	0	0	0	0	0	0
Zotu292	0	0	0	0	192	0	0	0	0	0	0	0	42	0	0	0	0	0	0	0	0	0	0
Zotu1126	0	0	0	0	6	0	0	0	0	0	5	0	1	0	0	3	0	0	0	0	0	0	0
Zotu896	0	0	0	0	19	0	0	0	0	0	0	0	0	1	0	0	0	0	0	0	0	0	0
Zotu233	0	0	0	0	332	0	0	0	0	0	0	0	0	0	0	0	0	0	0	0	0	28	0
Zotu539	0	0	0	0	38	0	0	0	0	0	0	0	21	0	0	0	0	0	0	0	0	0	0
Zotu226	0	0	0	0	168	0	0	0	0	0	0	0	137	0	0	0	44	0	0	0	0	1	2
Zotu272	0	0	0	0	211	0	0	0	0	0	0	0	47	0	0	0	0	0	0	0	0	0	0
Zotu263	0	0	0	0	121	0	0	0	0	0	0	0	113	0	0	0	26	0	0	0	0	0	1
Zotu395	0	0	0	0	103	0	0	0	0	0	1	0	0	0	0	0	0	0	0	0	0	0	0
Zotu340	0	0	0	0	146	0	0	0	0	0	1	0	0	0	0	0	0	0	0	0	0	0	0
Zotu25	0	0	0	0	165	0	2	0	132	1	32	5	0	4019	0	76	2562	0	0	284	2648	0	0
Zotu205	0	0	0	0	194	0	0	0	0	0	0	2	129	0	0	0	53	0	0	0	0	1	4
Zotu631	0	0	0	0	37	0	0	0	0	0	0	0	0	2	0	0	0	0	0	0	0	0	0
Zotu390	0	0	0	0	110	0	0	0	0	0	4	0	0	0	0	0	1	0	0	0	0	0	0
Zotu712	0	0	0	0	32	0	0	0	0	0	0	0	0	2	0	0	0	0	0	0	0	0	0
Zotu817	0	0	0	0	6	0	0	2	0	0	9	0	3	0	0	0	0	0	0	7	0	0	0
Zotu222	0	0	0	0	353	1	0	0	0	0	0	0	0	0	0	0	0	0	0	0	0	20	0
Zotu1349	0	0	0	0	43	0	0	0	0	0	0	0	0	0	0	0	0	0	0	0	0	0	0
Zotu7	0	0	0	0	274	0	0	0	231	0	64	6	0	6410	0	130	4337	0	1	522	4444	0	0
Zotu300	0	0	0	0	164	0	0	0	0	0	0	0	25	0	0	0	0	0	0	0	0	0	0
Zotu487	0	0	0	0	55	0	0	0	0	0	0	0	25	0	0	0	0	0	0	0	0	0	0
Zotu216	0	0	0	0	167	0	0	0	0	0	0	0	154	0	0	0	50	0	0	0	0	0	1
Zotu1087	0	0	0	0	54	0	0	0	0	0	0	0	0	0	0	0	0	0	0	0	0	0	0
Zotu326	0	0	0	0	5	0	0	0	0	0	0	0	0	0	0	0	0	0	142	0	0	0	0
Zotu1006	0	0	0	0	28	0	0	0	0	0	0	0	0	0	0	0	0	0	0	0	0	0	0
Zotu490	0	0	0	0	72	0	0	0	0	0	1	0	0	0	0	0	0	0	0	0	0	0	0
Zotu1243	0	0	0	0	4	0	1	0	1	0	4	0	0	0	0	4	0	0	0	0	0	0	0
Zotu1125	0	0	0	0	10	0	1	0	0	0	0	0	6	0	0	0	2	0	0	1	0	0	0
Zotu397	0	0	0	0	103	0	0	0	0	0	0	0	0	0	0	0	0	0	0	0	0	0	0
Zotu478	0	0	0	0	58	0	0	0	0	0	0	0	16	0	0	0	0	0	0	0	0	0	1
Zotu411	0	0	0	0	77	0	0	0	0	0	0	0	24	0	0	0	0	0	0	0	0	0	0
Zotu475	0	0	0	0	52	0	0	0	0	0	0	0	32	0	0	0	0	0	0	0	0	0	0
Zotu1293	0	0	0	0	25	0	0	0	0	0	0	0	0	0	0	0	0	0	0	0	0	0	0
Zotu305	0	0	0	0	2	0	0	0	0	0	0	0	0	0	0	0	0	0	174	0	0	0	0
Zotu523	0	0	0	0	46	0	0	0	0	0	0	0	26	0	0	0	0	0	0	0	0	0	0
Zotu1339	0	0	0	0	15	0	0	0	0	0	0	0	0	0	0	0	0	0	0	0	0	0	0
Zotu670	0	0	0	0	12	0	0	2	0	0	14	0	1	0	0	0	0	0	2	4	0	0	0
Zotu1116	0	0	0	0	15	0	0	0	0	0	0	0	0	0	0	0	0	0	0	0	0	0	0
Zotu1415	0	0	0	0	16	0	0	0	0	0	0	0	0	0	0	0	0	0	0	0	0	0	0
Zotu492	0	0	0	0	73	0	0	0	0	0	1	0	0	0	0	0	0	0	0	0	0	0	0
Zotu601	0	0	0	0	11	0	1	0	0	0	0	0	0	0	0	0	8	0	0	21	1	0	0
Zotu1149	0	0	0	0	1	0	0	1	0	0	13	0	2	0	0	0	0	0	0	7	0	0	1
Zotu1324	0	0	0	0	3	1	0	9	1	0	2	0	14	0	0	0	3	2	2	5	3	0	0
Zotu906	0	0	0	0	25	0	0	0	0	0	0	0	0	0	0	0	0	0	0	0	0	0	0
Zotu796	0	0	0	0	1	0	0	0	1	0	0	0	0	0	0	11	1	9	0	0	1	0	3
Zotu936	0	0	0	0	21	0	0	0	0	0	0	0	14	0	0	0	5	0	0	4	1	0	0
Zotu748	0	0	0	0	35	0	0	1	0	0	0	0	0	3	0	0	0	0	0	0	0	0	0
Zotu1010	0	0	0	0	4	0	2	0	0	0	17	0	1	0	0	0	0	0	0	8	0	0	6
Zotu612	0	0	0	0	45	0	0	0	0	0	0	0	0	0	0	0	0	0	0	0	0	0	0
Zotu234	0	0	0	0	5	0	0	0	0	0	0	0	2	0	0	0	0	0	300	0	0	0	0
Zotu229	0	0	0	0	2	0	0	0	0	0	1	0	3	0	0	0	0	0	297	0	0	0	0
Zotu639	0	0	0	0	10	0	0	4	1	0	11	0	4	0	0	0	0	0	2	7	0	0	0
Zotu1365	0	0	0	0	1	0	0	2	0	0	1	0	0	0	0	4	0	0	0	2	0	0	0
Zotu863	0	0	0	0	7	0	0	0	0	0	5	0	4	0	0	3	0	0	0	0	0	0	0
Zotu1121	0	0	0	0	11	0	0	0	0	0	0	0	5	0	0	0	1	0	0	0	0	0	0
Zotu877	0	0	0	0	7	0	0	0	3	0	10	0	0	0	0	3	0	0	0	0	0	0	0
Zotu296	0	0	0	0	1	0	0	0	0	0	0	0	0	0	0	0	0	0	0	0	0	2	199
Zotu1227	0	0	0	0	6	0	0	0	0	0	0	0	6	0	0	0	1	0	0	0	0	0	0
Zotu1368	0	0	0	0	12	0	0	0	0	0	0	0	0	0	0	0	0	0	0	0	0	0	0
Zotu930	0	0	0	0	30	0	0	0	0	0	0	0	0	0	0	0	0	0	0	0	0	0	0
Zotu822	0	0	0	0	13	0	0	0	1	0	8	0	0	0	0	6	0	0	0	0	0	0	0
Zotu699	0	0	0	0	12	0	1	2	0	0	8	0	2	0	0	0	0	0	0	9	0	0	0
Zotu931	0	0	0	0	24	0	0	0	0	0	0	0	0	0	0	0	0	0	0	0	0	0	0
Zotu967	0	0	0	0	8	0	0	0	0	0	8	0	0	0	0	3	0	0	0	0	0	0	0
Zotu1394	0	0	0	0	13	0	0	0	0	0	0	0	0	0	0	0	0	0	0	0	0	0	0
Zotu809	0	0	0	0	10	0	0	0	0	0	0	0	0	0	0	0	4	0	0	10	2	0	0
Zotu1366	0	0	0	0	16	0	0	1	0	0	0	0	0	4	0	0	0	0	0	0	0	0	0
Zotu1046	0	0	0	0	23	0	0	0	0	0	0	0	0	0	0	0	0	0	0	0	0	0	0
Zotu761	0	0	0	0	6	0	0	0	0	0	0	0	0	0	0	0	8	0	0	16	1	0	0
Zotu832	0	0	0	0	7	0	2	0	0	0	0	0	0	0	0	0	4	0	0	12	2	0	0
Zotu682	0	0	0	0	17	0	0	0	0	0	0	0	0	0	0	0	4	0	0	12	1	0	0
Zotu1226	0	0	0	0	1	0	0	8	0	0	2	0	3	0	0	0	0	0	0	0	0	0	0
Zotu242	0	0	0	0	1	0	0	0	0	0	0	0	4	0	0	0	0	0	280	0	0	0	0
Zotu1079	0	0	0	0	3	0	1	0	0	0	0	0	0	0	0	0	7	0	0	7	0	0	0
Zotu1370	0	0	0	0	2	0	0	1	0	2	2	0	0	0	0	0	1	0	0	3	2	0	0
Zotu1454	0	0	0	0	6	0	0	0	0	0	5	0	1	1	0	0	2	0	2	1	0	0	0
Zotu521	0	0	0	0	4	2	4	0	9	2	18	3	5	7	0	3	0	0	0	0	1	2	6
Zotu1397	0	0	0	0	12	0	0	0	0	0	0	0	0	2	0	0	0	0	0	0	0	0	0
Zotu1357	0	0	0	0	20	0	0	1	0	0	0	0	0	0	0	0	0	0	0	0	0	0	0
Zotu1314	0	0	0	0	3	0	0	0	0	1	0	0	0	4	0	0	0	0	0	0	0	59	5
Zotu724	0	0	0	0	6	0	1	4	1	0	11	0	4	0	0	0	0	0	1	3	0	0	0
Zotu1057	0	0	0	0	9	0	1	0	0	0	0	0	15	0	0	0	3	0	0	12	3	0	0
Zotu657	0	0	0	0	12	0	2	0	0	0	12	0	2	0	0	0	0	0	1	5	0	0	0
Zotu527	0	0	0	0	36	0	0	14	0	0	0	0	7	0	0	0	0	0	0	0	0	0	0
Zotu1075	0	0	0	0	11	0	1	0	0	0	0	0	4	0	0	0	3	0	0	0	0	0	0
Zotu772	0	0	0	0	3	0	0	15	0	0	4	0	9	0	0	0	1	0	0	0	0	0	0
Zotu1044	0	0	0	0	2	0	0	0	0	0	2	0	1	0	0	9	0	0	0	0	0	0	0
Zotu1225	0	0	0	0	1	0	0	2	0	2	1	0	0	0	0	0	3	0	0	5	1	0	0
Zotu667	0	0	0	0	7	0	3	1	1	0	12	0	2	0	0	0	0	0	1	4	0	0	0
Zotu735	0	0	0	0	5	0	0	11	0	0	6	0	6	0	0	0	0	0	0	0	0	0	0
Zotu40	0	0	0	0	2	0	2	4273	0	0	0	0	70	0	0	0	416	0	0	0	0	0	5
Zotu1291	0	0	0	0	4	0	1	0	0	0	6	0	3	0	0	0	0	0	1	1	0	0	0
Zotu1347	0	0	0	0	2	0	0	0	1	0	9	0	0	0	0	6	0	0	0	0	0	0	0
Zotu1413	0	0	0	0	4	0	0	7	0	0	0	0	16	0	0	0	5	0	6	3	0	0	0
Zotu1331	0	0	0	0	3	0	0	0	0	0	9	0	0	0	0	0	0	0	0	10	0	0	1
Zotu335	0	0	0	0	1	0	0	0	0	0	0	0	0	2	0	0	0	0	0	0	0	0	139
Zotu274	0	0	0	0	1	0	0	0	0	0	0	0	0	0	0	0	0	0	220	0	0	0	0
Zotu1203	0	0	0	0	1	0	5	0	0	20	0	0	36	0	1	0	0	0	0	0	0	0	0
Zotu39	0	0	0	0	2	0	0	4555	0	0	0	0	56	0	0	0	467	0	0	0	0	0	3
Zotu130	0	0	0	0	1	0	0	0	0	0	0	0	0	0	0	0	0	0	741	0	0	0	0
Zotu741	0	0	0	0	6	0	3	0	0	0	0	0	0	0	0	0	6	0	0	11	0	0	0
Zotu1362	0	0	0	0	4	0	6	0	0	0	4	4	0	0	0	26	0	0	0	0	1	0	0
Zotu681	0	0	0	0	5	0	0	13	0	0	8	0	5	0	0	0	0	0	1	0	0	0	0
Zotu38	0	0	0	0	2	0	0	4915	0	0	0	0	81	0	0	0	510	0	0	0	0	0	10
Zotu44	0	0	0	0	2	0	0	3280	0	0	0	0	51	0	0	0	361	0	0	0	0	0	5
Zotu1299	0	0	0	0	3	0	1	0	0	1	2	0	0	0	0	0	4	0	0	3	2	0	0
Zotu929	0	0	0	0	9	0	1	0	0	0	0	0	5	0	0	0	3	0	0	1	0	0	0
Zotu723	0	0	0	0	4	0	0	12	0	0	7	0	6	0	0	0	0	0	0	0	0	0	0
Zotu1068	0	0	0	0	1	0	0	1	0	0	4	0	3	0	0	3	0	1	2	1	0	0	0
Zotu1074	0	0	0	0	1	0	2	0	1	2	0	0	0	0	0	5	1	5	0	0	0	2	0
Zotu937	0	0	0	0	3	0	0	10	0	0	3	0	6	0	0	0	0	0	0	0	0	0	0
Zotu1232	0	0	0	0	6	0	1	0	0	0	0	0	1	0	0	0	4	0	0	0	0	0	0
Zotu291	0	0	0	0	2	0	0	0	0	0	0	0	0	0	0	0	0	0	198	0	0	0	0
Zotu301	0	0	0	0	2	0	0	0	0	0	0	0	0	0	0	0	0	0	186	0	0	0	0
Zotu1066	0	0	0	0	1	0	0	7	0	0	3	0	5	0	0	0	0	0	0	0	0	0	0
Zotu973	0	0	0	0	3	0	0	0	0	7	4	0	0	0	0	0	7	0	0	1	2	0	0
Zotu196	0	0	0	0	1	0	0	0	0	0	0	0	10	0	0	0	0	0	424	0	0	0	0
Zotu297	0	0	0	0	2	0	0	0	0	0	0	0	0	0	0	0	0	0	194	0	0	0	0
Zotu249	0	0	0	0	1	0	0	0	0	0	0	0	1	0	0	0	0	0	274	0	0	0	0
Zotu1130	0	0	0	0	1	0	0	0	0	0	0	0	8	0	0	0	0	0	0	4	1	0	0
Zotu1024	0	0	0	0	1	0	1	1	0	5	6	0	0	0	0	0	8	0	0	14	7	2	0
Zotu107	0	0	0	0	1	0	0	0	0	0	0	0	0	0	0	0	0	0	966	0	0	0	0
Zotu294	0	0	0	0	1	0	0	0	0	0	0	0	0	0	0	0	0	0	202	0	0	0	0
Zotu915	0	0	0	0	1	0	0	8	0	0	2	0	8	0	0	0	0	0	0	0	0	0	0
Zotu312	0	0	0	0	1	0	0	0	0	0	0	0	0	0	0	0	0	0	163	0	0	0	0
Zotu1313	0	0	0	0	1	0	0	1	0	0	2	0	4	0	0	0	1	0	0	5	1	0	0
Zotu1358	0	0	0	0	1	0	1	0	0	0	7	0	1	0	0	0	0	0	0	2	0	0	0
Zotu191	0	0	0	0	1	0	0	0	0	0	1	0	4	0	0	0	0	0	407	0	0	0	0
Zotu223	0	0	0	0	1	0	0	0	0	0	0	0	4	0	0	0	0	0	342	0	0	0	0
Zotu1306	0	0	0	0	0	2	0	1	0	0	0	0	1	0	0	0	2	3	1	0	0	0	0
Zotu578	0	0	0	0	0	2	0	0	2	5	1	0	5	0	0	0	0	0	0	0	1	26	5
Zotu1360	0	0	0	0	0	1	0	2	0	0	0	0	6	0	0	0	1	2	1	2	0	0	1
Zotu535	0	0	0	0	0	2	2	0	3	2	0	0	0	0	0	25	1	14	0	0	2	3	2
Zotu1372	0	0	0	0	0	1	0	0	0	0	0	0	0	6	0	0	0	0	0	0	0	21	1
Zotu1348	0	0	0	0	0	1	0	0	0	0	1	0	0	0	0	4	0	1	0	4	0	0	0
Zotu1361	0	0	0	0	0	1	8	0	0	0	1	0	0	0	0	0	0	0	0	0	0	3	3
Zotu949	0	0	0	0	0	1	9	0	0	0	0	0	0	0	0	0	0	0	0	0	0	15	2
Zotu1124	0	0	0	0	0	0	12	0	0	0	0	0	0	0	0	0	0	0	0	0	0	10	1
Zotu1065	0	0	0	0	0	0	15	0	0	0	0	0	0	0	0	0	0	0	0	0	0	7	4
Zotu489	0	0	0	0	0	0	1	0	0	0	0	0	69	0	0	0	0	0	0	0	0	0	0
Zotu1248	0	0	0	0	0	0	16	0	0	0	0	0	0	0	0	0	0	0	0	0	0	8	0
Zotu1249	0	0	0	0	0	0	9	0	0	0	0	0	0	0	0	0	0	0	0	0	0	6	2
Zotu1205	0	0	0	0	0	0	3	0	0	13	0	0	17	0	1	0	0	0	0	0	0	0	0
Zotu1140	0	0	0	0	0	0	8	0	0	0	1	0	0	0	0	0	0	0	0	0	0	5	2
Zotu1129	0	0	0	0	0	0	2	0	0	0	0	0	17	0	0	0	0	0	0	0	0	1	0
Zotu1235	0	0	0	0	0	0	2	0	0	0	0	0	16	0	0	0	0	0	0	0	0	0	0
Zotu1139	0	0	0	0	0	0	15	0	0	0	0	0	0	0	0	0	0	0	0	0	0	14	2
Zotu980	0	0	0	0	0	0	4	0	0	0	0	0	0	0	0	0	0	0	0	0	0	18	0
Zotu1054	0	0	0	0	0	0	1	0	0	0	0	0	18	0	0	0	0	0	0	0	0	0	0
Zotu857	0	0	0	0	0	0	3	0	0	0	0	0	21	0	0	0	0	0	0	0	0	0	0
Zotu1082	0	0	0	0	0	0	16	0	0	0	1	0	0	0	0	0	0	0	0	0	0	21	2
Zotu1319	0	0	0	0	0	0	12	0	0	0	1	0	0	0	0	0	0	0	0	0	0	2	2
Zotu462	0	0	0	0	0	0	1	0	0	0	0	0	78	0	0	0	0	0	0	0	0	0	0
Zotu1446	0	0	0	0	0	0	3	0	0	0	0	0	0	0	0	0	0	0	0	0	0	13	1
Zotu810	0	0	0	0	0	0	3	0	0	0	0	0	0	0	0	0	0	0	0	0	0	21	0
Zotu1138	0	0	0	0	0	0	12	0	0	0	1	0	0	0	0	0	0	0	0	0	0	15	2
Zotu465	0	0	0	0	0	0	4	0	0	0	0	0	76	0	0	0	0	0	0	0	0	0	0
Zotu1085	0	0	0	0	0	0	13	0	0	0	0	0	0	0	0	0	0	0	0	0	0	9	6
Zotu1011	0	0	0	0	0	0	6	0	0	0	0	0	20	0	0	0	0	0	0	0	0	0	0
Zotu913	0	0	0	0	0	0	3	0	0	0	0	0	23	0	0	0	0	0	0	0	0	0	0
Zotu1238	0	0	0	0	0	0	3	0	0	0	0	0	13	0	0	0	0	0	0	0	0	0	0
Zotu1169	0	0	0	0	0	0	8	0	0	0	0	0	0	0	0	0	0	0	0	0	0	11	3
Zotu375	0	0	0	0	0	0	2	0	0	0	0	0	110	0	0	0	0	0	0	0	0	0	0
Zotu776	0	0	0	0	0	0	11	0	0	0	0	0	0	0	0	0	0	0	0	0	0	31	0
Zotu1405	0	0	0	0	0	0	2	0	0	0	0	0	0	0	0	0	0	42	0	0	0	11	0
Zotu701	0	0	0	0	0	0	1	0	0	0	0	0	33	0	0	0	0	0	0	0	0	0	0
Zotu887	0	0	0	0	0	0	2	0	1	1	0	0	0	0	0	6	0	9	0	0	2	4	1
Zotu328	0	0	0	0	0	0	1	0	0	0	0	0	130	0	0	0	0	0	0	0	0	0	0
Zotu1305	0	0	0	0	0	0	1	0	0	0	0	0	17	0	0	0	0	0	0	0	0	0	0
Zotu379	0	0	0	0	0	0	2	0	0	0	0	0	104	0	0	0	0	0	0	0	0	0	0
Zotu591	0	0	0	0	0	0	1	0	0	0	0	0	42	0	0	0	0	0	0	0	0	0	0
Zotu1004	0	0	0	0	0	0	5	0	0	0	0	0	0	0	0	0	0	0	0	0	0	12	1
Zotu597	0	0	0	0	0	0	1	0	0	0	0	0	43	0	0	0	0	0	0	0	0	0	0
Zotu402	0	0	0	0	0	0	1	0	0	0	0	0	90	0	0	0	0	0	0	0	0	0	0
Zotu1284	0	0	0	0	0	0	1	0	0	0	0	22	0	0	0	0	0	0	0	0	0	2	0
Zotu450	0	0	0	0	0	0	1	0	0	0	0	0	81	0	0	0	0	0	0	0	0	0	0
Zotu1072	0	0	0	0	0	0	1	0	0	0	0	0	19	0	0	0	0	0	0	0	0	0	0
Zotu644	0	0	0	0	0	0	1	0	1	1	0	1	0	0	0	11	2	12	0	0	3	9	1
Zotu1059	0	0	0	0	0	0	1	0	0	0	0	0	16	0	0	0	0	0	0	0	0	0	0
Zotu459	0	0	0	0	0	0	1	0	0	0	0	0	73	0	0	0	0	0	0	0	0	0	0
Zotu338	0	0	0	0	0	0	1	0	0	0	0	0	136	0	0	0	0	0	0	0	0	0	0
Zotu1096	0	0	0	0	0	0	2	0	0	0	0	0	0	0	0	0	0	0	0	0	0	15	0
Zotu1376	0	0	0	0	0	0	2	0	0	0	0	0	0	0	0	0	0	0	0	0	0	10	0
Zotu580	0	0	0	0	0	0	1	0	0	0	0	0	44	0	0	0	0	0	0	0	0	0	0
Zotu370	0	0	0	0	0	0	1	0	0	0	0	0	116	0	0	0	0	0	0	0	0	0	0
Zotu890	0	0	0	0	0	0	1	0	0	0	0	0	24	0	0	0	0	0	0	0	0	0	0
Zotu1460	0	0	0	0	0	0	1	0	0	0	0	0	13	0	0	0	0	0	0	0	0	0	0
Zotu138	0	0	0	0	0	0	1	0	0	0	0	0	0	0	791	0	0	0	0	0	0	0	0
Zotu42	0	0	0	0	0	0	0	4030	0	0	0	0	60	0	0	0	437	0	0	0	0	0	6
Zotu43	0	0	0	0	0	0	0	3605	0	0	0	0	51	0	0	0	408	0	0	0	0	0	4
Zotu824	0	0	0	0	0	0	0	14	0	0	0	0	5	6	0	0	0	0	0	3	0	0	0
Zotu1137	0	0	0	0	0	0	0	39	0	0	0	0	0	0	0	0	0	0	0	0	0	0	0
Zotu168	0	0	0	0	0	0	0	36	0	0	0	0	0	0	0	0	507	0	0	0	2	0	0
Zotu159	0	0	0	0	0	0	0	38	0	0	0	0	0	0	0	0	552	0	0	0	3	0	0
Zotu121	0	0	0	0	0	0	0	76	0	0	0	0	0	0	0	0	806	0	0	0	3	0	0
Zotu145	0	0	0	0	0	0	0	59	0	0	0	0	0	0	0	0	615	0	0	0	3	0	0
Zotu134	0	0	0	0	0	0	0	63	0	0	0	0	0	0	0	0	649	0	0	0	3	0	0
Zotu1400	0	0	0	0	0	0	0	20	0	0	0	0	0	0	0	0	0	0	0	0	0	0	0
Zotu125	0	0	0	0	0	0	0	49	0	0	0	0	0	0	0	0	770	0	0	0	4	0	0
Zotu1106	0	0	0	0	0	0	0	72	0	0	0	0	0	0	0	0	0	0	0	0	0	0	0
Zotu178	0	0	0	0	0	0	0	32	0	0	0	0	0	0	0	0	494	0	0	0	0	0	0
Zotu1450	0	0	0	0	0	0	0	66	0	0	0	0	0	0	0	0	3	0	0	0	0	0	0
Zotu139	0	0	0	0	0	0	0	38	0	0	0	0	0	0	0	0	632	0	0	0	3	0	0
Zotu697	0	0	0	0	0	0	0	21	0	0	0	0	5	3	0	0	0	0	0	5	0	0	0
Zotu689	0	0	0	0	0	0	0	13	0	0	3	0	17	0	0	0	0	0	0	0	0	0	0
Zotu147	0	0	0	0	0	0	0	51	0	0	0	0	0	0	0	0	606	0	0	0	1	0	0
Zotu804	0	0	0	0	0	0	0	18	0	0	0	0	0	6	0	0	0	0	0	1	0	0	0
Zotu808	0	0	0	0	0	0	0	15	0	0	0	0	6	2	0	0	0	0	0	4	0	0	0
Zotu836	0	0	0	0	0	0	0	3	0	0	2	0	5	0	0	0	0	3	1	5	0	1	2
Zotu1216	0	0	0	0	0	0	0	10	0	0	0	0	4	2	0	0	0	0	0	1	0	0	0
Zotu1279	0	0	0	0	0	0	0	8	0	0	0	0	0	0	0	0	0	0	0	0	2	0	0
Zotu774	0	0	0	0	0	0	0	18	0	0	0	0	0	3	0	0	0	0	0	5	0	0	0
Zotu914	0	0	0	0	0	0	0	11	0	0	0	0	5	4	0	0	0	0	0	3	0	0	0
Zotu1007	0	0	0	0	0	0	0	7	0	0	0	0	3	5	0	0	0	0	0	1	0	0	0
Zotu185	0	0	0	0	0	0	0	1	0	11	0	255	0	233	0	0	0	0	0	0	0	0	1
Zotu695	0	0	0	0	0	0	0	14	0	0	0	0	9	3	0	0	1	0	0	8	0	0	0
Zotu1019	0	0	0	0	0	0	0	1	0	0	2	0	9	0	0	0	0	1	0	2	0	0	0
Zotu953	0	0	0	0	0	0	0	2	0	0	1	0	7	0	0	0	0	2	0	8	0	0	1
Zotu1432	0	0	0	0	0	0	0	1	0	0	1	0	0	0	0	4	0	2	0	0	0	0	0
Zotu800	0	0	0	0	0	0	0	4	0	0	2	0	4	0	0	0	0	0	2	12	0	1	0
Zotu1063	0	0	0	0	0	0	0	1	0	0	0	0	2	0	1	3	0	3	3	2	0	0	1
Zotu1089	0	0	0	0	0	0	0	1	0	0	3	0	1	6	0	0	1	0	0	2	0	0	0
Zotu1359	0	0	0	0	0	0	0	2	0	0	0	0	1	0	0	4	0	3	1	3	0	0	0
Zotu310	0	0	0	0	0	0	0	2	0	0	0	0	0	0	0	0	151	0	0	3	4	0	0
Zotu1337	0	0	0	0	0	0	0	1	0	0	0	18	1	0	0	0	0	0	0	0	0	0	0
Zotu909	0	0	0	0	0	0	0	0	2	0	0	25	0	0	0	0	1	0	0	0	0	3	0
Zotu907	0	0	0	0	0	0	0	0	1	0	0	21	0	0	0	0	0	0	0	0	0	0	0
Zotu759	0	0	0	0	0	0	0	0	2	9	0	0	0	0	0	0	0	0	0	0	1	16	5
Zotu1077	0	0	0	0	0	0	0	0	3	1	1	0	3	0	0	0	0	0	0	0	0	8	1
Zotu969	0	0	0	0	0	0	0	0	1	0	0	22	0	0	0	0	1	0	0	0	0	2	0
Zotu939	0	0	0	0	0	0	0	0	1	3	0	0	0	0	0	0	0	0	0	0	0	15	4
Zotu1191	0	0	0	0	0	0	0	0	1	3	1	0	1	0	0	0	0	0	0	0	2	14	3
Zotu897	0	0	0	0	0	0	0	0	1	0	0	21	0	0	0	0	0	0	0	0	0	2	0
Zotu779	0	0	0	0	0	0	0	0	1	2	0	0	4	0	0	0	0	0	0	0	0	24	1
Zotu645	0	0	0	0	0	0	0	0	1	0	0	0	0	0	0	0	0	0	0	0	2	38	0
Zotu1187	0	0	0	0	0	0	0	0	0	49	4	0	0	0	0	0	0	0	0	0	0	0	0
Zotu1008	0	0	0	0	0	0	0	0	0	4	2	18	0	0	0	0	0	0	0	0	0	0	0
Zotu204	0	0	0	0	0	0	0	0	0	13	0	196	0	229	0	0	0	0	0	0	0	0	2
Zotu783	0	0	0	0	0	0	0	0	0	32	0	0	0	0	0	0	0	0	0	0	0	0	0
Zotu1398	0	0	0	0	0	0	0	0	0	16	0	0	0	0	0	0	0	0	0	0	0	0	0
Zotu879	0	0	0	0	0	0	0	0	0	29	0	0	0	0	0	0	0	0	0	0	0	0	0
Zotu923	0	0	0	0	0	0	0	0	0	24	0	0	0	0	0	0	0	0	0	0	0	0	0
Zotu161	0	0	0	0	0	0	0	0	0	21	0	384	0	243	0	0	0	0	0	0	0	0	1
Zotu1364	0	0	0	0	0	0	0	0	0	29	3	0	0	0	0	0	0	0	0	0	0	0	0
Zotu171	0	0	0	0	0	0	0	0	0	13	0	268	0	285	0	0	0	0	0	0	0	0	0
Zotu1185	0	0	0	0	0	0	0	0	0	45	2	0	0	0	0	0	0	0	0	0	0	0	0
Zotu1069	0	0	0	0	0	0	0	0	0	28	0	0	0	0	0	0	1	0	0	0	0	0	0
Zotu664	0	0	0	0	0	0	0	0	0	37	0	0	0	0	0	0	0	0	0	0	0	0	0
Zotu141	0	0	0	0	0	0	0	0	0	21	0	400	0	309	0	0	0	0	0	0	0	0	1
Zotu1308	0	0	0	0	0	0	0	0	0	34	2	0	0	0	0	0	0	0	0	0	0	0	0
Zotu1334	0	0	0	0	0	0	0	0	0	14	0	0	0	0	0	0	0	0	0	0	0	0	0
Zotu846	0	0	0	0	0	0	0	0	0	27	0	0	0	0	0	0	0	0	0	0	0	0	0
Zotu864	0	0	0	0	0	0	0	0	0	7	1	27	0	0	0	0	0	0	0	0	0	0	0
Zotu665	0	0	0	0	0	0	0	0	0	30	0	0	0	0	0	0	0	0	0	0	0	0	0
Zotu762	0	0	0	0	0	0	0	0	0	13	1	0	0	0	0	0	0	0	0	0	0	12	8
Zotu1340	0	0	0	0	0	0	0	0	0	14	0	0	0	0	0	0	0	0	0	0	0	0	0
Zotu962	0	0	0	0	0	0	0	0	0	25	0	0	0	0	0	0	0	0	0	0	0	0	0
Zotu210	0	0	0	0	0	0	0	0	0	11	0	180	0	214	0	0	0	0	0	0	0	0	0
Zotu884	0	0	0	0	0	0	0	0	0	22	0	0	0	0	0	0	0	0	0	0	0	0	0
Zotu1145	0	0	0	0	0	0	0	0	0	15	0	0	0	0	0	0	0	0	0	0	0	0	0
Zotu1148	0	0	0	0	0	0	0	0	0	22	0	0	0	0	0	0	0	0	0	0	0	0	0
Zotu192	0	0	0	0	0	0	0	0	0	14	0	202	0	257	0	0	0	0	0	0	0	0	0
Zotu941	0	0	0	0	0	0	0	0	0	3	1	0	1	0	0	0	0	0	0	0	0	12	1
Zotu1080	0	0	0	0	0	0	0	0	0	39	0	0	0	0	0	0	0	0	0	0	0	0	0
Zotu173	0	0	0	0	0	0	0	0	0	24	0	321	0	244	0	0	0	0	0	0	0	0	0
Zotu1086	0	0	0	0	0	0	0	0	0	17	0	0	0	0	0	0	0	0	0	0	0	0	0
Zotu1183	0	0	0	0	0	0	0	0	0	5	2	13	0	0	0	0	0	0	0	0	0	0	0
Zotu926	0	0	0	0	0	0	0	0	0	2	2	0	2	0	0	0	0	0	0	0	0	11	5
Zotu744	0	0	0	0	0	0	0	0	0	6	0	31	1	1	0	0	0	0	0	0	0	0	0
Zotu1146	0	0	0	0	0	0	0	0	0	8	2	14	0	1	0	0	0	0	0	0	0	0	0
Zotu873	0	0	0	0	0	0	0	0	0	5	4	22	0	0	0	0	0	0	0	0	0	0	0
Zotu174	0	0	0	0	0	0	0	0	0	10	0	286	0	245	0	0	0	0	1	0	0	0	0
Zotu834	0	0	0	0	0	0	0	0	0	3	0	29	0	0	0	0	0	0	0	0	0	0	0
Zotu1105	0	0	0	0	0	0	0	0	0	2	0	1	0	0	0	2	0	0	0	0	0	44	1
Zotu1318	0	0	0	0	0	0	0	0	0	1	0	1	0	0	0	1	0	0	0	0	0	28	0
Zotu1330	0	0	0	0	0	0	0	0	0	2	0	13	0	0	0	0	0	0	0	0	0	0	0
Zotu1417	0	0	0	0	0	0	0	0	0	0	36	0	0	0	0	0	0	0	0	0	41	0	0
Zotu1463	0	0	0	0	0	0	0	0	0	0	9	0	0	38	0	0	0	0	0	2	0	0	0
Zotu220	0	0	0	0	0	0	0	0	0	0	1	0	5	0	0	0	0	0	336	0	0	0	0
Zotu368	0	0	0	0	0	0	0	0	0	0	0	119	0	0	0	0	0	0	0	0	0	0	0
Zotu1461	0	0	0	0	0	0	0	0	0	0	0	16	0	0	0	0	0	0	0	0	0	1	0
Zotu336	0	0	0	0	0	0	0	0	0	0	0	138	0	0	0	0	0	0	0	0	0	0	0
Zotu858	0	0	0	0	0	0	0	0	0	0	0	24	0	0	0	0	0	0	0	0	0	5	0
Zotu381	0	0	0	0	0	0	0	0	0	0	0	106	0	0	0	0	0	0	0	0	0	0	0
Zotu414	0	0	0	0	0	0	0	0	0	0	0	99	0	0	0	0	0	0	0	0	0	0	0
Zotu436	0	0	0	0	0	0	0	0	0	0	0	86	0	0	0	0	0	0	0	0	0	0	0
Zotu629	0	0	0	0	0	0	0	0	0	0	0	40	0	0	0	0	0	0	0	0	0	4	0
Zotu332	0	0	0	0	0	0	0	0	0	0	0	134	0	0	0	0	0	0	0	0	0	0	0
Zotu1272	0	0	0	0	0	0	0	0	0	0	0	20	0	0	0	0	0	0	0	0	0	0	0
Zotu448	0	0	0	0	0	0	0	0	0	0	0	85	0	0	0	0	0	0	0	0	0	0	0
Zotu1336	0	0	0	0	0	0	0	0	0	0	0	16	0	0	0	0	0	0	0	0	0	0	0
Zotu1269	0	0	0	0	0	0	0	0	0	0	0	48	0	0	0	0	0	0	0	0	0	0	0
Zotu344	0	0	0	0	0	0	0	0	0	0	0	143	0	0	0	0	0	0	0	0	0	0	0
Zotu1103	0	0	0	0	0	0	0	0	0	0	0	31	0	0	0	0	0	0	0	0	0	1	0
Zotu1192	0	0	0	0	0	0	0	0	0	0	0	2	0	0	0	0	14	0	0	0	0	0	0
Zotu908	0	0	0	0	0	0	0	0	0	0	0	38	0	0	0	0	0	0	0	0	0	1	0
Zotu1268	0	0	0	0	0	0	0	0	0	0	0	19	0	0	0	0	0	0	0	0	0	1	0
Zotu428	0	0	0	0	0	0	0	0	0	0	0	89	0	0	0	0	0	0	0	0	0	0	0
Zotu819	0	0	0	0	0	0	0	0	0	0	0	11	0	0	0	0	18	0	0	0	0	0	0
Zotu1000	0	0	0	0	0	0	0	0	0	0	0	3	0	0	0	0	15	0	0	0	0	0	0
Zotu830	0	0	0	0	0	0	0	0	0	0	0	6	0	0	0	0	21	0	0	0	0	0	0
Zotu742	0	0	0	0	0	0	0	0	0	0	0	4	0	0	0	0	21	0	0	0	0	0	0
Zotu838	0	0	0	0	0	0	0	0	0	0	0	9	0	0	0	0	13	0	0	0	0	0	0
Zotu876	0	0	0	0	0	0	0	0	0	0	0	9	0	0	0	0	23	0	0	0	1	0	0
Zotu1127	0	0	0	0	0	0	0	0	0	0	0	3	0	0	0	0	10	0	0	0	0	0	0
Zotu1070	0	0	0	0	0	0	0	0	0	0	0	3	0	0	0	0	11	0	0	0	0	0	0
Zotu1265	0	0	0	0	0	0	0	0	0	0	0	3	0	0	0	0	10	0	0	0	0	0	0
Zotu974	0	0	0	0	0	0	0	0	0	0	0	6	0	0	0	0	10	0	0	0	0	0	0
Zotu753	0	0	0	0	0	0	0	0	0	0	0	5	0	0	0	0	22	0	0	0	0	0	0
Zotu875	0	0	0	0	0	0	0	0	0	0	0	2	0	0	0	0	16	0	0	0	0	0	0
Zotu859	0	0	0	0	0	0	0	0	0	0	0	4	0	0	0	0	16	0	0	0	0	0	0
Zotu1267	0	0	0	0	0	0	0	0	0	0	0	4	0	0	0	0	12	0	0	0	0	0	0
Zotu1315	0	0	0	0	0	0	0	0	0	0	0	1	0	0	0	0	0	0	0	0	2	70	0
Zotu1120	0	0	0	0	0	0	0	0	0	0	0	2	0	0	0	0	11	0	0	0	0	0	0
Zotu818	0	0	0	0	0	0	0	0	0	0	0	0	27	0	0	0	0	0	0	0	0	0	0
Zotu572	0	0	0	0	0	0	0	0	0	0	0	0	46	0	0	0	0	0	0	0	0	0	0
Zotu666	0	0	0	0	0	0	0	0	0	0	0	0	40	0	0	0	0	0	0	0	0	0	0
Zotu581	0	0	0	0	0	0	0	0	0	0	0	0	46	0	0	0	0	0	0	0	0	0	0
Zotu437	0	0	0	0	0	0	0	0	0	0	0	0	100	0	0	0	0	0	0	0	0	0	0
Zotu548	0	0	0	0	0	0	0	0	0	0	0	0	50	0	0	0	0	0	0	0	0	0	0
Zotu401	0	0	0	0	0	0	0	0	0	0	0	0	98	0	0	0	0	0	0	0	0	0	0
Zotu515	0	0	0	0	0	0	0	0	0	0	0	0	65	0	0	0	0	0	0	0	0	0	0
Zotu524	0	0	0	0	0	0	0	0	0	0	0	0	55	0	0	0	0	0	0	0	0	0	0
Zotu530	0	0	0	0	0	0	0	0	0	0	0	0	54	0	0	0	0	0	0	0	0	0	0
Zotu649	0	0	0	0	0	0	0	0	0	0	0	0	34	0	0	0	0	0	0	0	0	0	0
Zotu355	0	0	0	0	0	0	0	0	0	0	0	0	127	0	0	0	0	0	0	0	0	0	0
Zotu1123	0	0	0	0	0	0	0	0	0	0	0	0	16	0	0	0	0	0	0	0	0	0	0
Zotu1170	0	0	0	0	0	0	0	0	0	0	0	0	25	0	0	0	0	0	0	0	0	0	0
Zotu592	0	0	0	0	0	0	0	0	0	0	0	0	49	0	0	0	0	0	0	0	0	0	0
Zotu546	0	0	0	0	0	0	0	0	0	0	0	0	48	0	0	0	0	0	0	0	0	0	0
Zotu481	0	0	0	0	0	0	0	0	0	0	0	0	66	0	0	0	0	0	0	0	0	0	0
Zotu658	0	0	0	0	0	0	0	0	0	0	0	0	39	0	0	0	0	0	0	0	0	0	0
Zotu457	0	0	0	0	0	0	0	0	0	0	0	0	76	0	0	0	0	0	0	0	0	0	0
Zotu1271	0	0	0	0	0	0	0	0	0	0	0	0	13	0	0	0	0	0	0	0	0	0	0
Zotu1094	0	0	0	0	0	0	0	0	0	0	0	0	17	0	0	0	0	0	0	0	0	0	0
Zotu583	0	0	0	0	0	0	0	0	0	0	0	0	43	0	0	0	0	0	0	0	0	0	0
Zotu577	0	0	0	0	0	0	0	0	0	0	0	0	47	0	0	0	0	0	0	0	0	0	0
Zotu635	0	0	0	0	0	0	0	0	0	0	0	0	34	0	0	0	0	0	0	0	0	0	0
Zotu480	0	0	0	0	0	0	0	0	0	0	0	0	80	0	0	0	0	0	0	0	0	0	0
Zotu477	0	0	0	0	0	0	0	0	0	0	0	0	69	0	0	0	0	0	0	0	0	0	0
Zotu960	0	0	0	0	0	0	0	0	0	0	0	0	11	0	0	0	7	0	0	12	3	0	0
Zotu1165	0	0	0	0	0	0	0	0	0	0	0	0	12	0	0	0	0	0	0	0	0	0	0
Zotu727	0	0	0	0	0	0	0	0	0	0	0	0	35	0	0	0	0	0	0	0	0	0	0
Zotu1199	0	0	0	0	0	0	0	0	0	0	0	0	5	0	0	0	3	0	0	3	3	0	0
Zotu911	0	0	0	0	0	0	0	0	0	0	0	0	29	0	0	0	0	0	0	0	0	0	0
Zotu218	0	0	0	0	0	0	0	0	0	0	0	0	5	0	0	0	0	0	344	0	0	0	0
Zotu1395	0	0	0	0	0	0	0	0	0	0	0	0	11	0	0	0	0	0	0	0	0	0	0
Zotu1156	0	0	0	0	0	0	0	0	0	0	0	0	31	0	0	0	0	0	0	0	0	0	0
Zotu453	0	0	0	0	0	0	0	0	0	0	0	0	2	0	0	0	77	0	0	6	0	0	0
Zotu387	0	0	0	0	0	0	0	0	0	0	0	0	1	0	0	0	99	0	0	12	1	0	0
Zotu1113	0	0	0	0	0	0	0	0	0	0	0	0	5	0	0	0	3	0	0	4	3	0	0
Zotu1321	0	0	0	0	0	0	0	0	0	0	0	0	11	0	0	0	0	0	0	0	0	0	0
Zotu357	0	0	0	0	0	0	0	0	0	0	0	0	1	0	0	0	102	0	0	11	2	0	0
Zotu1316	0	0	0	0	0	0	0	0	0	0	0	0	0	28	0	1	0	0	0	0	0	35	0
Zotu409	0	0	0	0	0	0	0	0	0	0	0	0	0	1	0	0	0	0	0	0	0	0	101
Zotu84	0	0	0	0	0	0	0	0	0	0	0	0	0	1	0	0	0	0	0	1259	0	0	0
Zotu94	0	0	0	0	0	0	0	0	0	0	0	0	0	0	1248	0	0	0	0	1	0	4	0
Zotu75	0	0	0	0	0	0	0	0	0	0	0	0	0	0	1641	0	0	0	0	0	0	5	0
Zotu78	0	0	0	0	0	0	0	0	0	0	0	0	0	0	1557	0	0	0	0	0	0	0	0
Zotu115	0	0	0	0	0	0	0	0	0	0	0	0	0	0	1070	0	0	0	0	0	0	2	0
Zotu58	0	0	0	0	0	0	0	0	0	0	0	0	0	0	2149	0	0	0	0	0	0	3	0
Zotu186	0	0	0	0	0	0	0	0	0	0	0	0	0	0	532	0	0	0	0	0	0	0	0
Zotu97	0	0	0	0	0	0	0	0	0	0	0	0	0	0	1198	0	0	0	0	0	0	6	0
Zotu164	0	0	0	0	0	0	0	0	0	0	0	0	0	0	651	0	0	0	0	0	0	0	0
Zotu101	0	0	0	0	0	0	0	0	0	0	0	0	0	0	1178	0	0	0	0	0	0	0	0
Zotu228	0	0	0	0	0	0	0	0	0	0	0	0	0	0	381	0	0	0	0	0	0	0	0
Zotu166	0	0	0	0	0	0	0	0	0	0	0	0	0	0	656	0	0	0	0	0	0	0	0
Zotu154	0	0	0	0	0	0	0	0	0	0	0	0	0	0	744	0	0	0	0	0	0	0	0
Zotu133	0	0	0	0	0	0	0	0	0	0	0	0	0	0	822	0	0	0	0	0	0	0	0
Zotu212	0	0	0	0	0	0	0	0	0	0	0	0	0	0	432	0	0	0	0	0	0	0	0
Zotu116	0	0	0	0	0	0	0	0	0	0	0	0	0	0	1031	0	0	0	0	0	0	0	0
Zotu95	0	0	0	0	0	0	0	0	0	0	0	0	0	0	1258	0	0	0	0	0	0	0	0
Zotu136	0	0	0	0	0	0	0	0	0	0	0	0	0	0	786	0	0	0	0	0	0	0	0
Zotu140	0	0	0	0	0	0	0	0	0	0	0	0	0	0	818	0	0	0	0	0	0	0	0
Zotu71	0	0	0	0	0	0	0	0	0	0	0	0	0	0	1694	0	0	0	0	0	0	7	0
Zotu104	0	0	0	0	0	0	0	0	0	0	0	0	0	0	1099	0	0	0	0	0	0	0	0
Zotu181	0	0	0	0	0	0	0	0	0	0	0	0	0	0	568	0	0	0	0	0	0	0	0
Zotu86	0	0	0	0	0	0	0	0	0	0	0	0	0	0	1431	0	0	0	0	0	0	0	0
Zotu193	0	0	0	0	0	0	0	0	0	0	0	0	0	0	511	0	0	0	0	0	0	0	0
Zotu246	0	0	0	0	0	0	0	0	0	0	0	0	0	0	374	0	0	0	0	0	0	0	0
Zotu215	0	0	0	0	0	0	0	0	0	0	0	0	0	0	429	0	0	0	0	0	0	0	0
Zotu150	0	0	0	0	0	0	0	0	0	0	0	0	0	0	718	0	0	0	0	0	0	0	0
Zotu162	0	0	0	0	0	0	0	0	0	0	0	0	0	0	665	0	0	0	0	0	0	0	0
Zotu146	0	0	0	0	0	0	0	0	0	0	0	0	0	0	749	0	0	0	0	0	0	0	0
Zotu239	0	0	0	0	0	0	0	0	0	0	0	0	0	0	352	0	0	0	0	0	0	0	0
Zotu170	0	0	0	0	0	0	0	0	0	0	0	0	0	0	618	0	0	0	0	0	0	0	0
Zotu179	0	0	0	0	0	0	0	0	0	0	0	0	0	0	582	0	0	0	0	0	0	0	0
Zotu187	0	0	0	0	0	0	0	0	0	0	0	0	0	0	517	0	0	0	0	0	0	0	0
Zotu267	0	0	0	0	0	0	0	0	0	0	0	0	0	0	304	0	0	0	0	0	0	0	0
Zotu197	0	0	0	0	0	0	0	0	0	0	0	0	0	0	475	0	0	0	0	0	0	0	0
Zotu227	0	0	0	0	0	0	0	0	0	0	0	0	0	0	381	0	0	0	0	0	0	0	0
Zotu200	0	0	0	0	0	0	0	0	0	0	0	0	0	0	443	0	0	0	0	0	0	0	0
Zotu221	0	0	0	0	0	0	0	0	0	0	0	0	0	0	415	0	0	0	0	0	0	0	0
Zotu282	0	0	0	0	0	0	0	0	0	0	0	0	0	0	253	0	0	0	0	0	0	0	0
Zotu195	0	0	0	0	0	0	0	0	0	0	0	0	0	0	465	0	0	0	0	0	0	0	0
Zotu284	0	0	0	0	0	0	0	0	0	0	0	0	0	0	261	0	0	0	0	0	0	0	0
Zotu237	0	0	0	0	0	0	0	0	0	0	0	0	0	0	346	0	0	0	0	0	0	0	0
Zotu176	0	0	0	0	0	0	0	0	0	0	0	0	0	0	0	0	492	0	0	0	0	0	0
Zotu366	0	0	0	0	0	0	0	0	0	0	0	0	0	0	0	0	106	0	0	16	3	0	0
Zotu132	0	0	0	0	0	0	0	0	0	0	0	0	0	0	0	0	733	0	0	0	0	0	0
Zotu148	0	0	0	0	0	0	0	0	0	0	0	0	0	0	0	0	616	0	0	0	0	0	0
Zotu279	0	0	0	0	0	0	0	0	0	0	0	0	0	0	0	0	228	0	0	0	0	0	0
Zotu156	0	0	0	0	0	0	0	0	0	0	0	0	0	0	0	0	605	0	0	0	0	0	0
Zotu158	0	0	0	0	0	0	0	0	0	0	0	0	0	0	0	0	604	0	0	0	0	0	0
Zotu137	0	0	0	0	0	0	0	0	0	0	0	0	0	0	0	0	719	0	0	0	0	0	0
Zotu308	0	0	0	0	0	0	0	0	0	0	0	0	0	0	0	0	184	0	0	0	0	0	0
Zotu153	0	0	0	0	0	0	0	0	0	0	0	0	0	0	0	0	620	0	0	0	0	0	0
Zotu160	0	0	0	0	0	0	0	0	0	0	0	0	0	0	0	0	567	0	0	0	0	0	0
Zotu324	0	0	0	0	0	0	0	0	0	0	0	0	0	0	0	0	154	0	0	0	0	0	0
Zotu182	0	0	0	0	0	0	0	0	0	0	0	0	0	0	0	0	475	0	0	0	0	0	0
Zotu347	0	0	0	0	0	0	0	0	0	0	0	0	0	0	0	0	124	0	0	15	1	0	0
Zotu602	0	0	0	0	0	0	0	0	0	0	0	0	0	0	0	0	50	0	0	0	0	0	0
Zotu290	0	0	0	0	0	0	0	0	0	0	0	0	0	0	0	0	209	0	0	0	0	0	0
Zotu705	0	0	0	0	0	0	0	0	0	0	0	0	0	0	0	0	33	0	0	0	0	0	0
Zotu295	0	0	0	0	0	0	0	0	0	0	0	0	0	0	0	0	201	0	0	0	0	0	0
Zotu828	0	0	0	0	0	0	0	0	0	0	0	0	0	0	0	0	27	0	0	0	0	0	0
Zotu496	0	0	0	0	0	0	0	0	0	0	0	0	0	0	0	0	66	0	0	11	0	0	0
Zotu673	0	0	0	0	0	0	0	0	0	0	0	0	0	0	0	0	37	0	0	0	0	0	0
Zotu413	0	0	0	0	0	0	0	0	0	0	0	0	0	0	0	0	87	0	0	10	3	0	0
Zotu298	0	0	0	0	0	0	0	0	0	0	0	0	0	0	0	0	213	0	0	0	0	0	0
Zotu447	0	0	0	0	0	0	0	0	0	0	0	0	0	0	0	0	80	0	0	3	3	0	0
Zotu650	0	0	0	0	0	0	0	0	0	0	0	0	0	0	0	0	37	0	0	0	0	0	0
Zotu688	0	0	0	0	0	0	0	0	0	0	0	0	0	0	0	0	35	0	0	0	0	0	0
Zotu616	0	0	0	0	0	0	0	0	0	0	0	0	0	0	0	0	43	0	0	0	0	0	0
Zotu382	0	0	0	0	0	0	0	0	0	0	0	0	0	0	0	0	103	0	0	17	0	0	0
Zotu976	0	0	0	0	0	0	0	0	0	0	0	0	0	0	0	0	20	0	0	0	0	0	0
Zotu769	0	0	0	0	0	0	0	0	0	0	0	0	0	0	0	0	31	0	0	0	0	0	0
Zotu1088	0	0	0	0	0	0	0	0	0	0	0	0	0	0	0	0	3	0	0	0	0	21	0
Zotu131	0	0	0	0	0	0	0	0	0	0	0	0	0	0	0	0	0	0	726	0	0	0	0
Zotu275	0	0	0	0	0	0	0	0	0	0	0	0	0	0	0	0	0	0	239	0	0	0	0
Zotu1119	0	0	0	0	0	0	0	0	0	0	0	0	0	0	0	0	0	0	44	0	0	0	0
Zotu1181	0	0	0	0	0	0	0	0	0	0	0	0	0	0	0	0	0	0	17	0	0	0	0
Zotu88	0	0	0	0	0	0	0	0	0	0	0	0	0	0	0	0	0	0	1202	0	0	0	0
Zotu92	0	0	0	0	0	0	0	0	0	0	0	0	0	0	0	0	0	0	1064	0	0	0	0
Zotu739	0	0	0	0	0	0	0	0	0	0	0	0	0	0	0	0	0	0	32	0	0	0	0
Zotu285	0	0	0	0	0	0	0	0	0	0	0	0	0	0	0	0	0	0	214	0	0	0	0
Zotu422	0	0	0	0	0	0	0	0	0	0	0	0	0	0	0	0	0	0	95	0	0	0	0
Zotu163	0	0	0	0	0	0	0	0	0	0	0	0	0	0	0	0	0	0	589	0	0	0	0
Zotu542	0	0	0	0	0	0	0	0	0	0	0	0	0	0	0	0	0	0	59	0	0	0	0
Zotu113	0	0	0	0	0	0	0	0	0	0	0	0	0	0	0	0	0	0	921	0	0	0	0
Zotu103	0	0	0	0	0	0	0	0	0	0	0	0	0	0	0	0	0	0	984	0	0	0	0
Zotu327	0	0	0	0	0	0	0	0	0	0	0	0	0	0	0	0	0	0	160	0	0	0	0
Zotu111	0	0	0	0	0	0	0	0	0	0	0	0	0	0	0	0	0	0	890	0	0	0	0
Zotu362	0	0	0	0	0	0	0	0	0	0	0	0	0	0	0	0	0	0	115	0	0	0	0
Zotu128	0	0	0	0	0	0	0	0	0	0	0	0	0	0	0	0	0	0	776	0	0	0	0
Zotu112	0	0	0	0	0	0	0	0	0	0	0	0	0	0	0	0	0	0	870	0	0	0	0
Zotu247	0	0	0	0	0	0	0	0	0	0	0	0	0	0	0	0	0	0	281	0	0	0	0
Zotu109	0	0	0	0	0	0	0	0	0	0	0	0	0	0	0	0	0	0	933	0	0	0	0
Zotu122	0	0	0	0	0	0	0	0	0	0	0	0	0	0	0	0	0	0	804	0	0	0	0
Zotu526	0	0	0	0	0	0	0	0	0	0	0	0	0	0	0	0	0	0	69	0	0	0	0
Zotu126	0	0	0	0	0	0	0	0	0	0	0	0	0	0	0	0	0	0	789	0	0	0	0
Zotu595	0	0	0	0	0	0	0	0	0	0	0	0	0	0	0	0	0	0	43	0	0	0	0
Zotu124	0	0	0	0	0	0	0	0	0	0	0	0	0	0	0	0	0	0	795	0	0	0	0
Zotu721	0	0	0	0	0	0	0	0	0	0	0	0	0	0	0	0	0	0	32	0	0	0	0
Zotu224	0	0	0	0	0	0	0	0	0	0	0	0	0	0	0	0	0	0	350	0	0	0	0
Zotu404	0	0	0	0	0	0	0	0	0	0	0	0	0	0	0	0	0	0	104	0	0	0	0
Zotu120	0	0	0	0	0	0	0	0	0	0	0	0	0	0	0	0	0	0	820	0	0	0	0
Zotu142	0	0	0	0	0	0	0	0	0	0	0	0	0	0	0	0	0	0	676	0	0	0	0
Zotu445	0	0	0	0	0	0	0	0	0	0	0	0	0	0	0	0	0	0	86	0	0	0	0
Zotu498	0	0	0	0	0	0	0	0	0	0	0	0	0	0	0	0	0	0	74	0	0	0	0
Zotu944	0	0	0	0	0	0	0	0	0	0	0	0	0	0	0	0	0	0	22	0	0	0	0
Zotu538	0	0	0	0	0	0	0	0	0	0	0	0	0	0	0	0	0	0	50	0	0	0	0
Zotu1062	0	0	0	0	0	0	0	0	0	0	0	0	0	0	0	0	0	0	17	0	0	0	0
Zotu151	0	0	0	0	0	0	0	0	0	0	0	0	0	0	0	0	0	0	654	0	0	0	0
Zotu261	0	0	0	0	0	0	0	0	0	0	0	0	0	0	0	0	0	0	264	0	0	0	0
Zotu351	0	0	0	0	0	0	0	0	0	0	0	0	0	0	0	0	0	0	140	0	0	0	0
Zotu405	0	0	0	0	0	0	0	0	0	0	0	0	0	0	0	0	0	0	99	0	0	0	0
Zotu765	0	0	0	0	0	0	0	0	0	0	0	0	0	0	0	0	0	0	30	0	0	0	0
Zotu374	0	0	0	0	0	0	0	0	0	0	0	0	0	0	0	0	0	0	114	0	0	0	0
Zotu360	0	0	0	0	0	0	0	0	0	0	0	0	0	0	0	0	0	0	140	0	0	0	0
Zotu637	0	0	0	0	0	0	0	0	0	0	0	0	0	0	0	0	0	0	40	0	0	0	0
Zotu433	0	0	0	0	0	0	0	0	0	0	0	0	0	0	0	0	0	0	88	0	0	0	0
Zotu449	0	0	0	0	0	0	0	0	0	0	0	0	0	0	0	0	0	0	84	0	0	0	0
Zotu791	0	0	0	0	0	0	0	0	0	0	0	0	0	0	0	0	0	0	24	0	0	0	0
Zotu733	0	0	0	0	0	0	0	0	0	0	0	0	0	0	0	0	0	0	28	0	0	0	0
Zotu747	0	0	0	0	0	0	0	0	0	0	0	0	0	0	0	0	0	0	25	0	0	0	0
Zotu330	0	0	0	0	0	0	0	0	0	0	0	0	0	0	0	0	0	0	158	0	0	0	0
Zotu211	0	0	0	0	0	0	0	0	0	0	0	0	0	0	0	0	0	0	395	0	0	0	0
Zotu419	0	0	0	0	0	0	0	0	0	0	0	0	0	0	0	0	0	0	89	0	0	0	0
Zotu320	0	0	0	0	0	0	0	0	0	0	0	0	0	0	0	0	0	0	170	0	0	0	0
Zotu552	0	0	0	0	0	0	0	0	0	0	0	0	0	0	0	0	0	0	53	0	0	0	0
Zotu1002	0	0	0	0	0	0	0	0	0	0	0	0	0	0	0	0	0	0	35	0	0	0	0
Zotu245	0	0	0	0	0	0	0	0	0	0	0	0	0	0	0	0	0	0	294	0	0	0	0
Zotu331	0	0	0	0	0	0	0	0	0	0	0	0	0	0	0	0	0	0	163	0	0	0	0
Zotu315	0	0	0	0	0	0	0	0	0	0	0	0	0	0	0	0	0	0	167	0	0	0	0
Zotu377	0	0	0	0	0	0	0	0	0	0	0	0	0	0	0	0	0	0	127	0	0	0	0
Zotu927	0	0	0	0	0	0	0	0	0	0	0	0	0	0	0	0	0	0	28	0	0	0	0
Zotu554	0	0	0	0	0	0	0	0	0	0	0	0	0	0	0	0	0	0	44	0	0	0	0
Zotu424	0	0	0	0	0	0	0	0	0	0	0	0	0	0	0	0	0	0	96	0	0	0	0
Zotu316	0	0	0	0	0	0	0	0	0	0	0	0	0	0	0	0	0	0	160	0	0	0	0
Zotu343	0	0	0	0	0	0	0	0	0	0	0	0	0	0	0	0	0	0	134	0	0	0	0
Zotu1438	0	0	0	0	0	0	0	0	0	0	0	0	0	0	0	0	0	0	22	0	0	0	0
Zotu654	0	0	0	0	0	0	0	0	0	0	0	0	0	0	0	0	0	0	36	0	0	0	0
Zotu1083	0	0	0	0	0	0	0	0	0	0	0	0	0	0	0	0	0	0	20	0	0	0	0
Zotu1128	0	0	0	0	0	0	0	0	0	0	0	0	0	0	0	0	0	0	49	0	0	0	0
Zotu725	0	0	0	0	0	0	0	0	0	0	0	0	0	0	0	0	0	0	30	0	0	0	0
Zotu406	0	0	0	0	0	0	0	0	0	0	0	0	0	0	0	0	0	0	102	0	0	0	0
Zotu570	0	0	0	0	0	0	0	0	0	0	0	0	0	0	0	0	0	0	56	0	0	0	0
Zotu270	0	0	0	0	0	0	0	0	0	0	0	0	0	0	0	0	0	0	263	0	0	0	0
Zotu423	0	0	0	0	0	0	0	0	0	0	0	0	0	0	0	0	0	0	83	0	0	0	0
Zotu415	0	0	0	0	0	0	0	0	0	0	0	0	0	0	0	0	0	0	93	0	0	0	0
Zotu545	0	0	0	0	0	0	0	0	0	0	0	0	0	0	0	0	0	0	55	0	0	0	0
Zotu680	0	0	0	0	0	0	0	0	0	0	0	0	0	0	0	0	0	0	27	0	0	0	0
Zotu444	0	0	0	0	0	0	0	0	0	0	0	0	0	0	0	0	0	0	79	0	0	0	0
Zotu547	0	0	0	0	0	0	0	0	0	0	0	0	0	0	0	0	0	0	56	0	0	0	0
Zotu398	0	0	0	0	0	0	0	0	0	0	0	0	0	0	0	0	0	0	98	0	0	0	0
Zotu386	0	0	0	0	0	0	0	0	0	0	0	0	0	0	0	0	0	0	116	0	0	0	0
Zotu429	0	0	0	0	0	0	0	0	0	0	0	0	0	0	0	0	0	0	88	0	0	0	0
Zotu621	0	0	0	0	0	0	0	0	0	0	0	0	0	0	0	0	0	0	35	0	0	0	0
Zotu1433	0	0	0	0	0	0	0	0	0	0	0	0	0	0	0	0	0	0	44	0	0	0	0
Zotu456	0	0	0	0	0	0	0	0	0	0	0	0	0	0	0	0	0	0	89	0	0	0	0
Zotu442	0	0	0	0	0	0	0	0	0	0	0	0	0	0	0	0	0	0	92	0	0	0	0
Zotu683	0	0	0	0	0	0	0	0	0	0	0	0	0	0	0	0	0	0	30	0	0	0	0
Zotu1469	0	0	0	0	0	0	0	0	0	0	0	0	0	0	0	0	0	0	24	0	0	0	0
Zotu371	0	0	0	0	0	0	0	0	0	0	0	0	0	0	0	0	0	0	114	0	0	0	0
Zotu491	0	0	0	0	0	0	0	0	0	0	0	0	0	0	0	0	0	0	70	0	0	0	0
Zotu378	0	0	0	0	0	0	0	0	0	0	0	0	0	0	0	0	0	0	124	0	0	0	0
Zotu383	0	0	0	0	0	0	0	0	0	0	0	0	0	0	0	0	0	0	111	0	0	0	0
Zotu625	0	0	0	0	0	0	0	0	0	0	0	0	0	0	0	0	0	0	43	0	0	0	0
Zotu350	0	0	0	0	0	0	0	0	0	0	0	0	0	0	0	0	0	0	141	0	0	0	0
Zotu1131	0	0	0	0	0	0	0	0	0	0	0	0	0	0	0	0	0	0	16	0	0	0	0
Zotu564	0	0	0	0	0	0	0	0	0	0	0	0	0	0	0	0	0	0	49	0	0	0	0
Zotu241	0	0	0	0	0	0	0	0	0	0	0	0	0	0	0	0	0	0	291	0	0	0	0
Zotu925	0	0	0	0	0	0	0	0	0	0	0	0	0	0	0	0	0	0	19	0	0	0	0
Zotu461	0	0	0	0	0	0	0	0	0	0	0	0	0	0	0	0	0	0	85	0	0	0	0
Zotu1058	0	0	0	0	0	0	0	0	0	0	0	0	0	0	0	0	0	0	16	0	0	0	0
Zotu556	0	0	0	0	0	0	0	0	0	0	0	0	0	0	0	0	0	0	48	0	0	0	0
Zotu696	0	0	0	0	0	0	0	0	0	0	0	0	0	0	0	0	0	0	36	0	0	0	0
Zotu388	0	0	0	0	0	0	0	0	0	0	0	0	0	0	0	0	0	0	113	0	0	0	0
Zotu987	0	0	0	0	0	0	0	0	0	0	0	0	0	0	0	0	0	0	19	0	0	0	0
Zotu622	0	0	0	0	0	0	0	0	0	0	0	0	0	0	0	0	0	0	41	0	0	0	0
Zotu416	0	0	0	0	0	0	0	0	0	0	0	0	0	0	0	0	0	0	93	0	0	0	0
Zotu789	0	0	0	0	0	0	0	0	0	0	0	0	0	0	0	0	0	0	25	0	0	0	0
Zotu568	0	0	0	0	0	0	0	0	0	0	0	0	0	0	0	0	0	0	49	0	0	0	0
Zotu1141	0	0	0	0	0	0	0	0	0	0	0	0	0	0	0	0	0	0	11	0	0	0	0
Zotu1246	0	0	0	0	0	0	0	0	0	0	0	0	0	0	0	0	0	0	14	0	0	0	0
Zotu500	0	0	0	0	0	0	0	0	0	0	0	0	0	0	0	0	0	0	72	0	0	0	0
Zotu573	0	0	0	0	0	0	0	0	0	0	0	0	0	0	0	0	0	0	54	0	0	0	0
Zotu693	0	0	0	0	0	0	0	0	0	0	0	0	0	0	0	0	0	0	26	0	0	0	0
Zotu346	0	0	0	0	0	0	0	0	0	0	0	0	0	0	0	0	0	0	138	0	0	0	0
Zotu821	0	0	0	0	0	0	0	0	0	0	0	0	0	0	0	0	0	0	23	0	0	0	0
Zotu505	0	0	0	0	0	0	0	0	0	0	0	0	0	0	0	0	0	0	63	0	0	0	0
Zotu686	0	0	0	0	0	0	0	0	0	0	0	0	0	0	0	0	0	0	30	0	0	0	0
Zotu861	0	0	0	0	0	0	0	0	0	0	0	0	0	0	0	0	0	0	22	0	0	0	0
Zotu674	0	0	0	0	0	0	0	0	0	0	0	0	0	0	0	0	0	0	29	0	0	0	0
Zotu862	0	0	0	0	0	0	0	0	0	0	0	0	0	0	0	0	0	0	25	0	0	0	0
Zotu787	0	0	0	0	0	0	0	0	0	0	0	0	0	0	0	0	0	0	31	0	0	0	0
Zotu451	0	0	0	0	0	0	0	0	0	0	0	0	0	0	0	0	0	0	88	0	0	0	0
Zotu483	0	0	0	0	0	0	0	0	0	0	0	0	0	0	0	0	0	0	78	0	0	0	0
Zotu623	0	0	0	0	0	0	0	0	0	0	0	0	0	0	0	0	0	0	46	0	0	0	0
Zotu485	0	0	0	0	0	0	0	0	0	0	0	0	0	0	0	0	0	0	73	0	0	0	0
Zotu361	0	0	0	0	0	0	0	0	0	0	0	0	0	0	0	0	0	0	122	0	0	0	0
Zotu614	0	0	0	0	0	0	0	0	0	0	0	0	0	0	0	0	0	0	36	0	0	0	0
Zotu655	0	0	0	0	0	0	0	0	0	0	0	0	0	0	0	0	0	0	38	0	0	0	0
Zotu663	0	0	0	0	0	0	0	0	0	0	0	0	0	0	0	0	0	0	39	0	0	0	0
Zotu494	0	0	0	0	0	0	0	0	0	0	0	0	0	0	0	0	0	0	70	0	0	0	0
Zotu1196	0	0	0	0	0	0	0	0	0	0	0	0	0	0	0	0	0	0	17	0	0	0	0
Zotu716	0	0	0	0	0	0	0	0	0	0	0	0	0	0	0	0	0	0	32	0	0	0	0
Zotu620	0	0	0	0	0	0	0	0	0	0	0	0	0	0	0	0	0	0	43	0	0	0	0
Zotu562	0	0	0	0	0	0	0	0	0	0	0	0	0	0	0	0	0	0	57	0	0	0	0
Zotu860	0	0	0	0	0	0	0	0	0	0	0	0	0	0	0	0	0	0	23	0	0	0	0
Zotu1407	0	0	0	0	0	0	0	0	0	0	0	0	0	0	0	0	0	0	35	0	0	0	0
Zotu1211	0	0	0	0	0	0	0	0	0	0	0	0	0	0	0	0	0	0	17	0	0	0	0
Zotu1389	0	0	0	0	0	0	0	0	0	0	0	0	0	0	0	0	0	0	32	0	0	0	0
Zotu563	0	0	0	0	0	0	0	0	0	0	0	0	0	0	0	0	0	0	52	0	0	0	0
Zotu509	0	0	0	0	0	0	0	0	0	0	0	0	0	0	0	0	0	0	66	0	0	0	0
Zotu1421	0	0	0	0	0	0	0	0	0	0	0	0	0	0	0	0	0	0	15	0	0	0	0
Zotu1050	0	0	0	0	0	0	0	0	0	0	0	0	0	0	0	0	0	0	21	0	0	0	0
Zotu550	0	0	0	0	0	0	0	0	0	0	0	0	0	0	0	0	0	0	50	0	0	0	0
Zotu1093	0	0	0	0	0	0	0	0	0	0	0	0	0	0	0	0	0	0	17	0	0	0	0
Zotu851	0	0	0	0	0	0	0	0	0	0	0	0	0	0	0	0	0	0	23	0	0	0	0
Zotu966	0	0	0	0	0	0	0	0	0	0	0	0	0	0	0	0	0	0	19	0	0	0	0
Zotu1296	0	0	0	0	0	0	0	0	0	0	0	0	0	0	0	0	0	0	11	0	0	0	0
Zotu903	0	0	0	0	0	0	0	0	0	0	0	0	0	0	0	0	0	0	21	0	0	0	0
Zotu978	0	0	0	0	0	0	0	0	0	0	0	0	0	0	0	0	0	0	14	0	0	0	0
Zotu731	0	0	0	0	0	0	0	0	0	0	0	0	0	0	0	0	0	0	29	0	0	0	0
Zotu1218	0	0	0	0	0	0	0	0	0	0	0	0	0	0	0	0	0	0	19	0	0	0	0
Zotu1286	0	0	0	0	0	0	0	0	0	0	0	0	0	0	0	0	0	0	11	0	0	0	0
Zotu119	0	0	0	0	0	0	0	0	0	0	0	0	0	0	0	0	0	0	0	818	0	0	0
Zotu108	0	0	0	0	0	0	0	0	0	0	0	0	0	0	0	0	0	0	0	916	0	0	0
Zotu129	0	0	0	0	0	0	0	0	0	0	0	0	0	0	0	0	0	0	0	743	0	0	0
Zotu98	0	0	0	0	0	0	0	0	0	0	0	0	0	0	0	0	0	0	0	1029	0	0	0
Zotu79	0	0	0	0	0	0	0	0	0	0	0	0	0	0	0	0	0	0	0	1227	0	0	0
Zotu102	0	0	0	0	0	0	0	0	0	0	0	0	0	0	0	0	0	0	0	1001	0	0	0
Zotu100	0	0	0	0	0	0	0	0	0	0	0	0	0	0	0	0	0	0	0	997	0	0	0
Zotu790	0	0	0	0	0	0	0	0	0	0	0	0	0	0	0	0	0	0	0	25	0	0	0
Zotu802	0	0	0	0	0	0	0	0	0	0	0	0	0	0	0	0	0	0	0	30	0	0	0
Zotu882	0	0	0	0	0	0	0	0	0	0	0	0	0	0	0	0	0	0	0	24	0	0	0
Zotu93	0	0	0	0	0	0	0	0	0	0	0	0	0	0	0	0	0	0	0	1051	0	0	0
Zotu1150	0	0	0	0	0	0	0	0	0	0	0	0	0	0	0	0	0	0	0	19	0	0	0
Zotu780	0	0	0	0	0	0	0	0	0	0	0	0	0	0	0	0	0	0	0	33	0	0	0
Zotu775	0	0	0	0	0	0	0	0	0	0	0	0	0	0	0	0	0	0	0	25	0	0	0
Zotu1468	0	0	0	0	0	0	0	0	0	0	0	0	0	0	0	0	0	0	0	9	0	0	0
Zotu811	0	0	0	0	0	0	0	0	0	0	0	0	0	0	0	0	0	0	0	33	0	0	0
Zotu714	0	0	0	0	0	0	0	0	0	0	0	0	0	0	0	0	0	0	0	36	0	0	0
Zotu840	0	0	0	0	0	0	0	0	0	0	0	0	0	0	0	0	0	0	0	29	0	0	0
Zotu692	0	0	0	0	0	0	0	0	0	0	0	0	0	0	0	0	0	0	0	0	3	36	0
Zotu1112	0	0	0	0	0	0	0	0	0	0	0	0	0	0	0	0	0	0	0	0	1	14	0
Zotu1459	0	0	0	0	0	0	0	0	0	0	0	0	0	0	0	0	0	0	0	0	1	11	0
Zotu1245	0	0	0	0	0	0	0	0	0	0	0	0	0	0	0	0	0	0	0	0	6	30	0
Zotu1390	0	0	0	0	0	0	0	0	0	0	0	0	0	0	0	0	0	0	0	0	3	11	0
Zotu950	0	0	0	0	0	0	0	0	0	0	0	0	0	0	0	0	0	0	0	0	1	21	0
Zotu1168	0	0	0	0	0	0	0	0	0	0	0	0	0	0	0	0	0	0	0	0	1	40	0
Zotu707	0	0	0	0	0	0	0	0	0	0	0	0	0	0	0	0	0	0	0	0	1	46	0
Zotu757	0	0	0	0	0	0	0	0	0	0	0	0	0	0	0	0	0	0	0	0	1	40	0
Zotu1327	0	0	0	0	0	0	0	0	0	0	0	0	0	0	0	0	0	0	0	0	1	23	0
Zotu685	0	0	0	0	0	0	0	0	0	0	0	0	0	0	0	0	0	0	0	0	0	51	0
Zotu852	0	0	0	0	0	0	0	0	0	0	0	0	0	0	0	0	0	0	0	0	0	45	0
Zotu1373	0	0	0	0	0	0	0	0	0	0	0	0	0	0	0	0	0	0	0	0	0	32	0
Zotu1399	0	0	0	0	0	0	0	0	0	0	0	0	0	0	0	0	0	0	0	0	0	19	0
Zotu1110	0	0	0	0	0	0	0	0	0	0	0	0	0	0	0	0	0	0	0	0	0	29	0
Zotu1281	0	0	0	0	0	0	0	0	0	0	0	0	0	0	0	0	0	0	0	0	0	21	0
Zotu1451	0	0	0	0	0	0	0	0	0	0	0	0	0	0	0	0	0	0	0	0	0	15	0
Zotu1383	0	0	0	0	0	0	0	0	0	0	0	0	0	0	0	0	0	0	0	0	0	46	0
Zotu1378	0	0	0	0	0	0	0	0	0	0	0	0	0	0	0	0	0	0	0	0	0	11	0
Zotu1197	0	0	0	0	0	0	0	0	0	0	0	0	0	0	0	0	0	0	0	0	0	59	0
Zotu1064	0	0	0	0	0	0	0	0	0	0	0	0	0	0	0	0	0	0	0	0	0	21	0
Zotu1155	0	0	0	0	0	0	0	0	0	0	0	0	0	0	0	0	0	0	0	0	0	24	0
Zotu1253	0	0	0	0	0	0	0	0	0	0	0	0	0	0	0	0	0	0	0	0	0	46	0
Zotu1385	0	0	0	0	0	0	0	0	0	0	0	0	0	0	0	0	0	0	0	0	0	47	0
Zotu1455	0	0	0	0	0	0	0	0	0	0	0	0	0	0	0	0	0	0	0	0	0	9	0
Zotu303	0	0	0	0	0	0	0	0	0	0	0	0	0	0	0	0	0	0	0	0	0	2	204
Zotu918	0	0	0	0	0	0	0	0	0	0	0	0	0	0	0	0	0	0	0	0	0	22	0
Zotu1228	0	0	0	0	0	0	0	0	0	0	0	0	0	0	0	0	0	0	0	0	0	18	0
Zotu1338	0	0	0	0	0	0	0	0	0	0	0	0	0	0	0	0	0	0	0	0	0	24	0
Zotu1442	0	0	0	0	0	0	0	0	0	0	0	0	0	0	0	0	0	0	0	0	0	15	0
Zotu1371	0	0	0	0	0	0	0	0	0	0	0	0	0	0	0	0	0	0	0	0	0	20	0
Zotu831	0	0	0	0	0	0	0	0	0	0	0	0	0	0	0	0	0	0	0	0	0	24	0
Zotu1239	0	0	0	0	0	0	0	0	0	0	0	0	0	0	0	0	0	0	0	0	0	19	0
Zotu778	0	0	0	0	0	0	0	0	0	0	0	0	0	0	0	0	0	0	0	0	0	38	0
Zotu1312	0	0	0	0	0	0	0	0	0	0	0	0	0	0	0	0	0	0	0	0	0	12	0
Zotu1409	0	0	0	0	0	0	0	0	0	0	0	0	0	0	0	0	0	0	0	0	0	22	0
Zotu1441	0	0	0	0	0	0	0	0	0	0	0	0	0	0	0	0	0	0	0	0	0	14	0
Zotu1195	0	0	0	0	0	0	0	0	0	0	0	0	0	0	0	0	0	0	0	0	0	16	0
Zotu1384	0	0	0	0	0	0	0	0	0	0	0	0	0	0	0	0	0	0	0	0	0	23	0
Zotu1391	0	0	0	0	0	0	0	0	0	0	0	0	0	0	0	0	0	0	0	0	0	21	0
Zotu337	0	0	0	0	0	0	0	0	0	0	0	0	0	0	0	0	0	0	0	0	0	2	164
Zotu281	0	0	0	0	0	0	0	0	0	0	0	0	0	0	0	0	0	0	0	0	0	1	233
Zotu373	0	0	0	0	0	0	0	0	0	0	0	0	0	0	0	0	0	0	0	0	0	0	114
Zotu325	0	0	0	0	0	0	0	0	0	0	0	0	0	0	0	0	0	0	0	0	0	0	149
Zotu408	0	0	0	0	0	0	0	0	0	0	0	0	0	0	0	0	0	0	0	0	0	0	105
