#OTU ID	SRR15655215	SRR15655218	SRR15655221	SRR15655225	SRR15655228	SRR15655231	SRR15655234	SRR15655235	SRR15655238	SRR15655241	SRR15655244	SRR15655248	SRR15655251	SRR15655254	SRR15655258	SRR15655261	SRR15655264	SRR15655267	SRR15655268	SRR15655271	SRR15655274	SRR15655277	SRR15655281	SRR15655284	SRR15655287	SRR15655291	SRR15655294	SRR15655297	SRR15655300	SRR15655301
Zotu9	420	3	6	0	0	2823	3	2	0	36	1	10	4	3	1803	1	0	479	6	33	0	2	15	0	2807	2	0	20	1	0
Zotu36	430	6	5	1	1	3	0	0	0	152	0	52	9	5	491	1	0	148	0	253	2	2	2	5	2	9	0	1	8	0
Zotu90	359	0	0	0	0	3	0	0	0	0	0	0	0	2	1	1	0	2	0	0	0	0	0	1	0	3	0	0	0	0
Zotu14	1176	7	8	2	1	12	18	0	0	699	1	2562	4	2	176	0	0	15	2	491	0	1	243	12	8	9	0	14	0	0
Zotu27	595	1	4	1	0	7	4	1	0	4	3	1	13	10	1220	2	1	633	1	0	6	3	0	9	1	10	0	0	1	0
Zotu47	362	2	4	0	1	8	0	1	0	4	1	0	6	8	1	1	0	24	7	5	1	3	3	4	0	608	0	55	10	0
Zotu103	320	0	1	2	0	1	0	0	0	0	0	0	3	2	1	0	0	6	0	0	0	0	0	1	0	4	0	0	2	0
Zotu72	410	7	4	2	0	4	0	0	0	0	0	1	2	2	1	1	0	13	5	289	3	0	4	1	0	6	0	6	39	0
Zotu144	79	0	0	0	0	0	0	0	0	84	0	0	0	1	9	0	0	5	0	0	0	0	0	1	0	4	0	2	1	0
Zotu129	35	0	3	1	0	11	0	152	0	5	1	2	2	8	0	2	15	1	2	9	0	0	0	0	0	0	0	6	0	0
Zotu25	897	6	0	0	1	7	0	0	0	5	3	2	7	4	1572	2	0	259	0	2	0	0	2	3	3	13	0	1	1	0
Zotu46	98	2	189	0	0	111	1	0	0	4	0	1	47	9	158	0	0	220	2	186	2	1	7	2	0	3	0	1	0	0
Zotu21	250	2	2	0	0	6	5	0	0	2	3	1	9	11	1125	2	0	1172	5	810	4	2	2	2	0	11	0	8	0	0
Zotu16	20	2	556	6	1	1243	1	0	0	10	3	0	15	22	826	0	1	132	22	2224	23	0	12	5	0	19	0	7	82	0
Zotu102	82	0	0	1	0	1	0	0	0	0	0	0	1	0	298	1	0	5	0	0	1	0	0	1	0	2	0	0	0	0
Zotu15	14	5	545	10	93	881	3	16	0	7	5	19	23	494	2100	33	2	360	69	764	42	3	12	6	49	24	0	10	276	0
Zotu5	150	0	1	0	0	10	0	3	0	669	0	48	4	2	26	0	0	11	14	910	1	0	746	0	8	0	0	15104	2	0
Zotu194	43	2	0	0	0	1	0	0	0	3	0	0	2	1	37	0	0	15	0	8	1	0	0	1	0	1	0	0	0	0
Zotu61	6	269	43	2	27	49	0	5	0	0	4	3	34	294	4	10	0	2	0	1	2	1	2	2	0	4	0	1	13	0
Zotu56	56	0	1	0	0	2	1	0	0	18	2	11	2	2	61	2	0	19	0	24	0	0	1	1	0	5	0	1	0	0
Zotu19	7	2	60	0	14	132	0	1	0	1	1	3	11	59	256	9	4	49	8	86	15	3	2	8	9	16	0	8	45	0
Zotu86	2	413	1	2	6	7	1	16	0	1	1	0	1	0	1	2	0	0	0	0	13	0	0	0	1	3	0	0	0	0
Zotu44	3	1	1	0	0	7	0	0	0	0	2	0	961	6	2	0	0	152	0	14	0	1	1	3	0	8	0	0	0	0
Zotu17	43	1	3	1	0	295	0	0	0	6	1	3	2	3	194	0	0	62	4	6	0	0	2	1	262	3	0	0	1	0
Zotu7	18	0	3	0	0	4	1	0	0	53	0	7	2	1	2	1	0	3	4	87	0	0	80	1	2	0	0	1889	0	0
Zotu2	13	0	5	0	0	488	455	14	0	20	17	20	33	5	13	554	0	10	12034	130	24	567	2	17	11	17	0	5809	13	0
Zotu120	28	0	1	0	0	0	0	0	0	0	0	0	0	0	2	0	0	1	0	0	0	0	0	1	0	2	0	0	0	0
Zotu82	54	1	1	0	0	2	0	0	0	1	0	1	3	1	1	0	0	12	1	55	0	0	0	0	0	3	0	0	6	0
Zotu122	32	0	0	0	0	0	1	0	0	0	0	0	0	0	0	0	0	3	0	0	0	0	0	0	0	4	0	0	0	0
Zotu135	14	0	0	0	0	1	0	0	0	1	0	0	0	0	51	0	0	0	0	0	0	0	0	0	0	0	0	0	0	0
Zotu369	2	1	6	0	0	0	0	0	0	0	0	0	0	4	1	1	0	0	1	0	0	0	0	1	1	1	0	2	0	0
Zotu24	96	1	2	0	0	7	2	0	0	73	0	220	2	1	18	0	0	5	6	58	0	0	34	2	2	0	0	1	1	0
Zotu71	4	1	1	0	0	131	3	0	0	6	170	4	9	0	0	5	0	0	17	3	8	248	212	1	4	3	0	94	0	0
Zotu49	4	650	4	0	0	5	1	3	0	0	1	1	4	1	0	0	3	3	4	4	0	1	0	240	0	15	0	8	2	0
Zotu35	32	1	3	0	0	4	1	0	0	2	1	0	5	4	135	4	1	124	6	76	2	1	1	3	0	5	0	0	1	0
Zotu40	82	3	1	0	1	3	0	0	0	4	0	0	4	4	144	2	0	38	0	0	0	0	0	1	0	9	1	0	1	0
Zotu34	67	3	0	0	1	5	0	0	0	2	1	2	7	1	168	0	0	74	0	4	2	2	2	3	0	9	0	1	0	0
Zotu52	2	4	3	4	4	1	1	2	0	1	0	1	5	10	2	1	1	11	4	3	0	0	2	6	1	820	2	2	2	0
Zotu81	11	1	18	1	0	11	0	0	0	2	0	0	3	1	18	1	0	20	0	20	1	1	1	0	0	3	0	0	1	0
Zotu162	2	0	0	0	1	3	0	13	0	0	1	0	1	1	0	0	2	1	15	0	0	0	3	1	1	65	0	30	6	0
Zotu340	1	0	0	0	0	0	0	0	0	1	0	0	1	0	1	0	3	0	0	0	1	0	0	1	1	25	0	0	0	0
Zotu22	4	3	7	0	2	13	1	0	0	2	0	0	4	14	5	1	0	3392	0	25	3	0	1	0	1	28	0	0	0	0
Zotu59	53	1	2	0	1	1	0	1	0	0	0	0	1	2	0	0	0	12	4	1	1	1	0	0	1	54	0	10	5	0
Zotu429	3	0	0	0	0	1	0	0	0	0	1	0	2	2	1	0	0	1	0	0	0	1	0	3	0	1	0	0	0	0
Zotu201	11	0	0	0	0	1	0	0	0	9	1	0	0	1	3	0	0	3	1	0	0	0	0	1	0	0	0	0	3	0
Zotu175	4	13	0	0	0	1	0	0	0	1	1	1	1	0	1	0	0	2	0	2	1	0	0	1	2	1	0	0	0	0
Zotu69	6	3	3	0	0	162	0	0	0	2	2	0	485	7	1	0	0	4	0	1	0	1	0	3	1	2	0	0	0	0
Zotu117	1	0	1	0	0	15	0	1	0	0	0	0	12	4	0	0	0	3	2	10	0	0	0	2	0	3	0	1	1	0
Zotu161	2	34	2	0	2	2	0	11	0	0	1	0	0	4	0	2	0	0	8	0	0	0	1	1	0	83	0	14	3	0
Zotu58	1	2	53	3	25	5	1	531	0	5	1	1	16	70	0	3	8	1	24	1	14	0	10	1	5	8	0	11	103	0
Zotu78	1	0	2	3	0	38	1	3	0	1	0	0	129	35	0	0	0	7	5	0	0	0	0	2	1	306	1	4	1	0
Zotu8	5	2	4	1	1	55	38	1	0	49	5138	36	70	10	6	14	0	13	33	23	4826	23	10	12	16	19	0	6	1	1
Zotu1	35	1	12	0	0	4037	4958	27	0	71	56	56	91	13	29	6680	1	19	121348	1108	53	4296	16	112	34	33	0	43325	44	0
Zotu91	6	0	1	1	1	109	0	0	0	0	1	0	171	11	0	1	0	12	1	81	1	0	7	0	0	18	0	3	1	0
Zotu104	21	0	1	0	0	6	0	0	0	1	0	0	136	86	1	0	2	2	0	99	0	1	1	7	1	3	0	0	0	0
Zotu33	24	0	2	0	0	0	0	6	0	36	2	3	48	1	3	0	0	0	45	1	0	0	0	0	0	2	0	1995	3	0
Zotu55	5	9	7	0	14	11	1	4	0	2	5	0	8	688	2	1	4	11	12	7	7	2	1	0	1	85	0	11	85	0
Zotu11	4	0	3	0	0	24	12	0	0	16	586	16	20	6	8	7	0	5	12	8	589	22	3	2	6	5	0	4	1	0
Zotu6	4	1	30	5	1	66	28	0	0	3078	53	4232	2513	7	13	36	0	12	40	16	50	38	41	6	1264	11	0	29	5	0
Zotu198	1	0	3	0	1	0	0	4	0	0	0	0	2	3	0	0	2	1	17	0	0	0	0	7	0	70	0	26	1	0
Zotu235	3	0	1	0	10	19	0	13	0	2	0	0	3	2	1	1	0	1	9	0	0	0	1	2	0	9	0	7	1	0
Zotu30	4	0	1539	1	1	4	0	1	0	4	1	2	0	0	4	0	1	2	2	52	1	0	477	81	4	8	0	4	11	0
Zotu130	2	0	1	0	0	2	0	2	0	4	0	0	4	5	5	0	0	5	3	1	0	0	1	1	21	0	0	7	9	0
Zotu32	4	0	12	0	0	133	0	0	0	0	1	0	889	15	6	4	0	101	0	618	1	0	50	2	0	8	0	0	5	0
Zotu145	4	2	0	0	1	0	1	24	0	2	0	0	1	4	1	0	1	1	0	0	0	0	0	0	0	0	0	1	0	0
Zotu262	5	0	0	0	0	1	0	0	0	0	0	0	0	0	12	1	0	0	0	1	0	1	0	0	0	0	0	0	0	0
Zotu37	4	0	289	1	0	142	282	0	0	4	0	0	649	2	6	1	0	3	0	4	0	2	1	7	0	7	0	0	0	0
Zotu77	3	1	3	0	5	4	0	2	0	0	2	1	1	77	2	1	1	5	4	3	2	0	0	0	0	11	0	14	7	0
Zotu128	2	0	2	0	0	4	0	1	0	5	0	0	3	1	0	0	0	2	3	0	0	0	1	0	0	22	0	5	5	0
Zotu13	2	41	97	12	49	40	1	5511	0	1	3	0	25	30	0	3	3	1	41	0	10	1	7	2	3	28	0	43	177	0
Zotu96	16	0	0	1	0	21	0	4	0	40	1	1	48	14	16	0	0	41	4	10	5	0	5	1	141	4	0	11	63	0
Zotu212	1	0	0	0	0	0	0	1	0	0	0	0	1	0	0	0	1	0	17	0	2	0	0	23	0	0	0	26	5	0
Zotu381	1	0	1	0	0	0	0	1	0	0	1	0	0	0	0	0	0	0	2	0	0	0	0	0	0	0	0	3	0	0
Zotu42	1	0	174	1	0	3	0	0	0	2	0	2	0	1	2	0	0	2	4	12	0	0	53	9	1	0	0	2	3	0
Zotu274	1	0	0	0	0	1	0	0	0	0	0	0	0	1	1	1	1	0	2	0	1	0	0	3	0	2	1	1	0	0
Zotu312	2	1	0	0	0	5	0	0	0	1	0	0	3	4	1	1	0	4	0	6	1	0	0	0	1	4	0	0	0	0
Zotu283	1	0	0	0	0	9	0	0	0	0	0	0	0	0	0	0	0	3	0	0	0	0	0	1	0	0	0	0	0	0
Zotu23	2	15	11	2	13	1	0	835	0	0	0	0	4	1	1	1	0	1	26	2	1	0	0	0	0	2	0	41	28	0
Zotu415	1	2	0	0	12	0	0	0	0	4	0	0	0	0	0	0	0	0	1	0	3	0	3	1	0	6	0	1	0	0
Zotu354	1	0	0	0	0	0	0	4	0	0	0	0	0	0	0	0	0	0	8	0	0	0	0	0	1	0	0	14	1	0
Zotu166	3	129	0	0	0	5	2	0	0	0	2	1	1	0	4	0	0	0	0	1	0	0	1	0	0	3	0	0	0	0
Zotu31	6	6	0	0	1	11	1	1	0	1	1	1	23	1951	2	0	2	8	3	14	5	0	1	6	0	57	1	2	2	0
Zotu447	2	0	0	0	0	6	0	0	0	0	0	0	0	1	0	0	0	3	0	2	0	0	0	0	0	0	0	5	15	0
Zotu326	2	0	0	0	0	1	0	0	0	0	0	0	0	0	0	0	0	0	0	0	0	0	1	2	0	23	0	10	0	0
Zotu227	2	0	1	0	39	1	0	3	0	1	0	0	13	3	0	1	0	2	0	1	2	0	2	2	0	18	0	0	1	0
Zotu261	1	0	3	0	0	1	0	2	0	0	1	1	1	0	2	0	0	1	2	2	0	2	1	23	0	20	0	1	0	0
Zotu43	3	10	24	6	0	54	0	947	0	16	0	1	8	56	1	4	5	6	16	4	17	0	15	2	1	15	0	19	14	0
Zotu62	3	0	1	0	0	2	0	0	0	0	0	0	97	4	2	0	0	17	0	5	0	0	0	0	0	2	0	1	1	0
Zotu342	1	0	1	0	0	2	0	0	0	0	0	0	2	0	0	0	0	0	0	0	33	0	0	0	0	2	0	0	0	0
Zotu309	2	1	2	0	1	2	0	0	0	2	0	0	3	4	1	0	0	2	0	1	0	0	0	2	0	5	0	0	0	0
Zotu295	3	0	4	0	1	2	1	1	0	0	2	2	0	0	1	0	0	2	5	3	2	1	0	9	0	4	0	6	2	0
Zotu417	1	0	0	0	0	0	0	0	0	0	0	0	0	0	0	0	1	0	0	0	0	0	0	19	0	1	0	5	0	0
Zotu180	1	0	1	0	0	0	0	0	0	0	0	0	1	1	0	0	0	3	2	0	0	0	0	1	0	84	0	4	0	0
Zotu163	2	1	1	0	0	1	0	9	0	0	0	0	5	0	1	1	3	1	1	1	2	0	0	0	2	1	2	7	9	0
Zotu360	1	0	0	0	0	0	0	0	0	0	0	0	29	0	0	0	0	0	0	1	0	0	0	1	0	0	0	0	0	0
Zotu28	2	1	2	0	0	1	1	0	0	1	0	0	0	6	1	0	1	398	4	11	0	0	2	0	0	18	0	3	6	0
Zotu76	1	4	1	0	1	0	2	0	0	3	0	2	4	5	0	0	1	2	7	1	2	0	0	390	1	72	0	3	7	0
Zotu113	1	21	1	1	8	9	1	13	0	9	0	0	10	5	0	2	0	3	9	13	1	0	0	1	0	205	0	12	7	0
Zotu54	2	0	160	0	0	0	0	0	0	1	1	1	3	5	0	1	0	1	0	3	1	0	0	0	0	6	0	0	0	0
Zotu147	2	0	0	0	0	0	0	2	0	0	1	0	0	0	0	0	0	0	0	0	0	0	0	1	0	18	0	2	8	0
Zotu67	1	1	3	2	0	12	0	153	0	2	0	0	2	8	1	0	0	1	2	4	5	0	3	2	0	1	0	7	2	0
Zotu39	1	1	0	0	0	0	0	3	0	6	1	0	4	1	0	0	0	1	23	1	0	0	0	0	0	1	0	274	1	0
Zotu101	1	42	1	1	2	3	0	11	0	0	0	1	1	1	0	0	1	1	2	2	10	0	2	0	1	1	0	0	0	0
Zotu376	3	0	0	0	0	0	0	0	0	0	0	0	0	0	27	0	0	0	1	0	0	0	0	0	0	0	0	0	0	0
Zotu308	1	0	0	0	0	0	0	0	0	0	0	0	0	0	0	0	0	0	2	0	0	0	0	0	0	31	0	4	0	0
Zotu133	2	0	0	5	3	107	0	2	0	0	0	0	3	5	2	1	0	4	11	0	51	0	0	0	0	3	0	25	10	0
Zotu207	1	53	0	0	0	44	0	0	0	0	0	0	2	0	6	6	0	1	0	1	0	1	0	0	0	3	0	3	0	0
Zotu88	1	1	1	0	0	1	1	2	0	0	0	0	0	0	0	0	7	0	2	0	1	0	0	343	0	9	0	9	2	0
Zotu187	1	7	47	0	0	0	0	1	0	0	0	2	1	1	0	0	0	1	4	0	0	0	0	0	0	1	0	8	55	0
Zotu10	3	0	6	1	1	18	6	0	0	318	21	473	257	1	1	14	1	6	25	5	17	22	5	2	170	6	0	15	1	0
Zotu197	1	0	0	0	0	0	1	0	0	0	0	1	0	2	0	0	1	0	1	0	0	0	0	60	0	24	0	1	11	0
Zotu224	1	0	0	0	0	1	0	5	0	0	0	0	0	0	0	0	0	0	15	0	0	0	0	8	0	27	0	39	5	0
Zotu134	1	0	0	0	0	5	0	0	0	2	0	0	191	4	0	1	0	0	0	0	0	0	0	0	0	2	0	0	0	0
Zotu181	1	0	0	0	0	0	0	0	0	0	0	0	0	0	0	0	0	0	0	1	0	0	0	24	0	1	0	0	0	0
Zotu288	2	1	3	2	0	1	0	4	0	3	0	2	3	2	1	2	0	1	0	2	1	0	0	0	1	5	0	0	0	0
Zotu229	1	0	0	0	0	0	0	0	0	0	0	0	0	0	0	0	0	0	3	0	1	0	0	10	0	0	0	6	1	0
Zotu226	1	0	0	0	0	41	1	0	0	1	0	0	3	4	2	0	0	3	0	23	0	0	0	3	3	9	0	0	0	0
Zotu260	1	0	2	0	0	1	0	2	0	0	0	0	0	1	0	0	0	0	0	0	0	0	0	0	0	46	0	2	0	0
Zotu3	2	0	208	0	0	2	0	10	0	2	2	0	3	2	4	1	0	2	107	1	0	0	1	3	0	5	0	36980	29	0
Zotu333	1	0	2	6	0	7	0	0	0	0	0	0	6	1	0	0	0	2	0	2	0	0	0	0	0	2	0	0	0	0
Zotu121	1	0	0	1	0	0	0	1	0	3	0	0	1	0	1	0	0	226	0	0	0	0	1	0	4	0	0	0	0	0
Zotu119	2	0	0	0	0	4	0	9	0	1	0	0	0	40	0	1	0	1	2	0	0	0	1	1	0	1	0	5	2	0
Zotu339	1	0	0	0	0	0	0	0	0	1	1	0	0	1	1	0	0	32	0	0	0	0	0	0	1	1	0	0	0	0
Zotu137	1	0	1	0	0	0	0	0	0	1	0	0	2	3	2	0	4	0	0	1	0	0	0	184	0	3	0	2	0	0
Zotu254	1	1	0	0	0	1	0	5	0	0	1	0	0	0	0	1	5	0	1	0	0	0	0	0	0	0	0	2	2	0
Zotu26	2	1	11	1	0	9	1	0	0	1	2	0	16	3094	5	2	0	26	0	15	0	0	1	6	0	21	1	0	0	0
Zotu100	1	0	0	3	0	0	0	5	0	13	0	0	1	0	2	0	0	0	33	19	0	0	0	0	0	1	0	58	280	0
Zotu125	3	0	1	0	2	81	1	0	0	1	3	1	24	127	1	2	0	2	1	1	3	0	0	1	0	20	0	1	10	0
Zotu45	2	0	5	0	0	20	0	0	0	1	1	1	68	14	1	0	0	21	0	79	0	0	4	3	0	5	0	0	1	0
Zotu190	1	0	2	0	0	1	0	0	0	0	0	0	1	0	1	0	0	0	6	0	0	0	0	2	0	91	0	11	1	0
Zotu115	2	0	0	0	0	0	0	6	0	1	0	0	1	0	0	0	0	2	1	0	0	0	0	1	0	160	0	4	86	0
Zotu118	1	1	0	0	0	0	0	1	0	0	1	0	1	1	0	0	4	0	1	0	1	0	2	35	0	0	0	9	1	0
Zotu259	2	0	0	0	4	3	0	0	0	0	0	0	1	0	0	0	2	0	0	1	0	0	0	0	0	4	0	0	0	0
Zotu79	1	1	1	0	0	0	0	0	0	1	1	0	4	4	0	0	0	1	4	0	1	0	0	1	0	87	0	4	0	0
Zotu218	2	0	0	0	1	17	0	4	0	0	0	0	73	4	0	0	0	1	0	0	0	0	0	1	0	1	0	1	0	0
Zotu50	1	0	6	0	0	4	1	0	0	0	1	0	0	3	926	0	0	2	0	1	0	0	0	0	0	3	0	0	0	0
Zotu140	1	0	0	0	0	0	0	3	0	0	0	0	1	1	0	0	2	0	2	1	0	0	0	30	0	1	0	1	1	0
Zotu362	1	1	0	0	0	0	0	0	0	1	0	0	0	1	0	0	0	1	1	1	0	0	1	1	0	10	0	5	1	0
Zotu97	1	2	2	0	0	116	0	14	0	7	1	0	36	2	1	1	17	1	23	0	2	0	0	2	0	183	0	45	1	0
Zotu107	1	3	1	0	1	1	1	1	0	0	1	2	2	4	0	0	4	0	4	0	2	1	6	288	0	10	0	5	0	0
Zotu38	1	0	1405	0	0	3	0	0	0	0	0	7	4	8	2	2	0	4	1	8	1	0	0	3	0	7	0	0	0	0
Zotu222	1	1	7	0	0	0	0	0	0	0	0	0	1	20	1	0	0	0	1	2	0	0	0	0	0	2	0	2	3	0
Zotu189	1	0	0	0	0	0	0	1	0	1	0	1	0	1	0	0	0	24	0	2	0	0	0	0	0	0	0	0	0	0
Zotu205	1	1	0	0	1	0	0	1	0	0	0	0	0	0	0	0	2	0	2	0	0	0	0	0	0	0	0	1	18	0
Zotu41	2	1	1	0	0	4	0	0	0	1	1	0	10	237	4	0	0	4	2	6	0	1	0	4	0	17	0	1	2	0
Zotu124	1	0	0	0	0	3	1	0	0	0	0	0	10	11	0	1	0	3	0	3	0	0	0	0	0	0	0	0	0	0
Zotu93	1	0	0	0	0	30	0	21	0	3	0	1	5	308	0	0	2	3	4	1	5	0	5	4	0	10	0	14	1	0
Zotu358	1	0	0	0	0	0	1	0	0	0	0	0	35	0	0	0	1	0	0	0	0	0	0	0	0	0	0	0	0	0
Zotu278	1	0	0	0	0	0	0	0	0	0	0	0	0	0	0	0	0	2	1	0	0	0	0	0	0	9	0	3	0	0
Zotu329	1	0	0	2	0	0	0	0	0	0	0	0	0	0	0	0	1	1	0	0	0	0	0	23	0	5	0	4	0	0
Zotu20	1	1	74	0	0	150	0	2	0	0	0	1	4	7	85	0	0	20	2	191	4	0	0	1	0	8	1	1	11	0
Zotu173	2	3	0	0	0	0	0	0	0	1	0	5	0	1	1	0	0	0	3	0	0	0	0	112	0	0	0	3	1	0
Zotu29	1	0	2	0	0	1	0	0	0	0	0	0	4	401	3	0	0	3	0	11	0	0	0	2	0	8	0	0	0	0
Zotu60	1	1	1	0	0	141	1	0	0	0	1	0	570	0	2	0	1	1	0	2	0	0	0	1	0	4	0	0	0	0
Zotu165	1	0	1	0	0	1	0	0	0	1	0	0	1	19	1	0	1	2	0	2	0	0	0	2	0	3	0	0	0	0
Zotu66	1	0	42	0	0	13	26	0	0	3	2	0	60	3	2	2	0	2	2	3	2	1	0	2	0	1	0	0	0	0
Zotu237	1	0	0	0	1	0	0	1	0	0	0	0	0	0	0	0	0	0	1	1	0	0	0	0	0	0	0	0	18	0
Zotu152	1	0	0	0	0	0	0	0	0	0	0	0	0	1	1	0	3	9	1	0	1	0	0	109	0	8	0	3	7	0
Zotu157	1	1	0	6	115	1	0	9	0	0	0	1	0	0	0	0	2	0	14	1	0	1	2	1	0	0	0	1	6	0
Zotu131	0	54	1	0	0	0	0	0	0	0	0	2	1	2	0	0	0	0	3	1	0	0	0	135	1	9	0	4	0	0
Zotu68	0	40	0	0	0	0	0	0	0	0	2	0	0	3	1	1	0	1	4	0	0	0	0	18	1	9	0	4	0	0
Zotu202	0	1	0	0	0	2	0	0	0	0	1	0	1	0	0	0	2	1	0	0	0	0	1	0	1	92	0	0	0	0
Zotu53	0	95	23	13	37	10	0	29	0	8	12	0	4	3	0	2	5	3	34	2	30	0	5	7	3	7	0	115	588	0
Zotu136	0	12	2	1	1	0	0	0	0	1	0	6	1	1	0	0	0	1	11	0	0	0	0	2	0	0	0	126	7	0
Zotu389	0	2	0	1	0	1	0	0	0	0	0	0	0	0	0	0	0	0	0	0	0	0	0	1	0	0	0	0	0	0
Zotu418	0	8	1	4	5	0	1	0	1	0	3	0	0	0	3	1	1	0	0	0	0	0	0	3	0	0	3	0	8	0
Zotu174	0	2	2	0	0	1	0	0	0	0	0	0	3	4	0	0	0	3	0	0	0	0	1	1	0	118	0	0	0	0
Zotu359	0	5	0	4	9	0	0	4	0	0	0	0	0	0	0	0	0	0	0	0	8	0	0	0	0	0	0	0	0	0
Zotu64	0	1	1	0	1	0	0	0	0	0	2	0	624	9	2	1	0	1	0	2	1	0	0	3	1	9	0	0	0	0
Zotu406	0	2	0	0	0	1	0	0	0	1	0	0	0	1	0	0	0	1	0	0	0	0	2	0	0	20	0	0	0	0
Zotu75	0	3	2	0	1	2	0	15	0	0	0	3	0	0	1	0	0	0	21	0	2	0	1	0	1	2	0	56	70	0
Zotu80	0	26	6	0	4	8	0	1	0	0	1	0	3	26	0	0	0	2	0	1	2	0	2	1	0	2	0	1	1	0
Zotu109	0	1	1	0	0	17	0	3	0	2	1	0	7	2	1	0	0	0	4	0	0	0	0	0	1	10	0	22	1	0
Zotu143	0	1	1	0	1	11	0	1	0	1	0	0	2	22	2	2	0	0	0	0	0	0	0	2	0	4	0	0	3	0
Zotu240	0	1	0	0	0	0	0	1	0	0	0	1	0	0	0	0	0	1	0	0	0	0	0	0	0	64	0	3	2	0
Zotu213	0	1	0	1	0	0	0	2	0	0	0	0	1	1	0	0	0	0	9	0	1	0	0	50	0	15	0	18	1	0
Zotu178	0	3	1	0	0	0	0	0	0	1	1	1	0	0	1	0	0	0	1	0	0	0	0	15	0	1	0	2	0	0
Zotu192	0	4	0	2	0	0	0	5	0	0	0	0	0	1	0	0	3	0	32	1	0	0	0	63	1	1	2	17	1	0
Zotu195	0	3	19	0	0	0	1	0	0	2	0	0	0	0	0	0	0	0	1	0	0	0	0	0	0	0	0	2	10	0
Zotu459	0	1	0	0	9	0	0	0	0	1	0	0	0	0	0	0	0	0	5	0	0	0	0	0	0	0	0	9	0	0
Zotu298	0	2	0	0	0	0	0	0	0	0	0	0	0	0	0	0	0	0	0	0	0	0	0	16	0	1	0	0	0	0
Zotu347	0	5	3	8	2	0	1	0	0	1	0	2	0	0	1	0	2	0	0	0	0	0	1	1	0	0	6	0	0	0
Zotu485	0	1	0	2	2	0	0	0	0	0	0	0	0	0	0	0	1	1	0	0	3	0	0	0	0	0	0	3	3	0
Zotu430	0	2	1	0	1	1	1	3	0	1	0	0	0	0	0	1	5	0	0	1	1	0	0	0	0	0	0	0	4	0
Zotu330	0	4	0	0	0	0	0	25	0	0	0	2	0	0	0	0	0	0	0	0	0	0	0	0	0	0	0	0	0	0
Zotu188	0	6	3	0	3	0	0	24	1	2	0	1	0	0	0	0	25	0	1	0	1	0	2	0	0	0	0	6	29	0
Zotu151	0	1	1	0	4	0	0	0	0	1	0	0	0	0	0	0	5	0	6	0	1	0	1	0	0	0	0	4	147	0
Zotu186	0	6	0	0	5	2	0	0	0	1	0	0	0	0	0	0	1	0	0	0	0	0	0	0	0	0	0	2	99	0
Zotu112	0	12	1	13	7	0	2	105	4	1	1	1	1	0	0	1	14	0	1	0	3	2	4	4	1	0	17	6	97	0
Zotu297	0	3	0	0	0	0	0	0	0	0	1	0	2	0	0	0	3	0	4	0	1	0	0	42	0	2	0	3	0	0
Zotu200	0	3	1	0	0	0	0	1	0	0	1	0	0	0	0	0	5	0	0	0	0	1	0	0	1	81	0	4	0	0
Zotu483	0	1	0	0	2	1	0	1	0	0	0	1	0	1	0	0	2	0	5	0	0	0	0	33	0	2	0	5	1	0
Zotu365	0	1	1	0	0	0	0	0	0	0	0	0	0	0	0	0	0	0	0	0	0	0	0	0	0	35	0	0	0	0
Zotu141	0	12	14	50	26	10	0	0	0	14	4	1	20	0	2	6	2	2	0	2	0	0	1	5	6	2	8	0	0	0
Zotu343	0	1	0	0	0	5	0	0	0	0	0	0	34	0	0	0	0	0	0	0	0	0	0	0	0	1	0	0	0	0
Zotu284	0	2	5	0	0	0	0	0	0	0	0	0	1	0	0	1	1	0	5	0	0	0	0	0	0	25	0	6	1	0
Zotu234	0	3	0	0	0	9	0	0	0	0	0	0	2	0	0	1	0	0	1	0	0	0	0	0	0	1	0	0	0	0
Zotu164	0	1	2	0	1	5	1	0	1	1	1	1	2	127	2	1	0	3	0	4	0	2	0	3	0	6	0	0	0	0
Zotu266	0	4	18	0	0	0	0	25	0	1	0	0	0	0	1	2	0	1	1	0	0	0	0	1	1	0	0	1	0	0
Zotu138	0	1	1	2	5	3	1	77	0	0	6	9	5	0	1	2	8	1	6	2	8	3	0	1	8	3	4	8	81	0
Zotu94	0	1	3	0	0	20	0	0	0	0	0	0	41	4	1	0	0	1	0	0	0	0	0	0	0	0	0	0	0	0
Zotu85	0	1	10	1	2	3	0	57	0	0	1	0	5	12	0	0	4	0	3	0	4	0	0	0	0	1	0	7	7	0
Zotu12	0	1	68	11	0	8	0	276	0	1	1	3	0	40	1	1	4	0	68	3	5	0	1	2	0	15	0	331	6940	0
Zotu276	0	1	31	0	0	0	0	0	0	0	0	0	0	2	0	0	0	0	1	2	1	0	0	7	1	0	0	3	1	0
Zotu242	0	1	6	0	0	0	0	0	0	0	0	0	0	0	0	0	0	0	7	0	1	0	0	0	0	0	0	42	2	0
Zotu431	0	2	1	0	1	0	0	0	0	0	0	1	0	0	0	0	0	0	1	0	0	0	0	2	0	0	0	2	0	0
Zotu185	0	4	21	0	0	0	0	0	0	1	0	0	1	0	0	0	0	0	0	0	0	0	0	0	0	0	0	0	0	0
Zotu132	0	2	1	7	2	3	9	0	0	0	1	6	3	5	3	2	28	7	0	2	2	0	6	0	32	0	91	0	0	0
Zotu95	0	2	2	0	0	0	0	0	0	0	0	0	76	4	0	0	0	2	0	1	0	0	0	1	0	1	0	0	0	0
Zotu168	0	1	0	0	0	1	0	2	0	0	0	0	2	1	0	0	0	0	5	0	0	0	0	0	0	6	0	5	0	0
Zotu159	0	2	1	5	1	2	0	0	0	3	5	0	2	1	1	0	1	1	0	0	2	0	0	0	1	0	2	0	0	0
Zotu148	0	1	0	0	1	1	0	1	0	0	0	0	0	2	0	0	0	0	0	1	0	0	0	135	0	5	0	2	2	0
Zotu146	0	1	3	0	0	1	0	0	0	0	0	0	0	0	1	0	7	0	3	1	0	0	1	151	0	2	0	5	0	0
Zotu105	0	1	5	1	0	3	0	11	0	2	2	1	6	168	2	0	0	2	50	5	3	0	1	1	1	15	0	73	24	0
Zotu116	0	1	0	0	0	1	0	1	0	0	0	0	1	0	0	0	0	0	1	0	0	0	1	0	0	30	0	2	2	0
Zotu451	0	1	0	0	0	0	0	4	0	0	0	0	0	0	0	0	0	0	0	0	0	0	0	0	0	0	0	0	0	0
Zotu204	0	1	1	0	0	0	0	0	0	0	0	0	0	1	0	0	0	0	6	0	0	0	0	8	0	0	0	13	1	0
Zotu158	0	1	0	3	1	0	0	0	0	0	2	0	1	2	1	0	3	0	0	0	1	0	0	1	1	0	3	0	0	0
Zotu99	0	1	1	0	0	2	0	1	0	1	2	1	4	4	0	1	0	2	11	0	2	0	3	3	0	330	0	10	3	0
Zotu473	0	1	0	0	0	0	0	0	0	3	3	0	0	2	0	0	0	0	2	0	9	1	2	0	0	0	0	0	0	0
Zotu127	0	0	3	0	0	0	0	2	0	0	0	0	3	1	0	0	0	1	3	1	0	0	0	1	0	36	0	4	0	0
Zotu154	0	0	164	0	0	1	0	0	0	0	0	0	0	0	0	0	0	0	0	0	0	0	1	0	0	0	0	0	0	0
Zotu292	0	0	39	0	0	0	0	0	0	1	0	0	0	0	0	0	0	0	0	0	0	0	0	0	0	1	0	0	0	0
Zotu4	0	0	24	0	0	0	0	6	0	0	1	0	1	0	4	0	0	1	63	0	0	1	0	0	0	0	0	4387	13	0
Zotu210	0	0	96	0	0	0	0	0	0	0	0	0	0	0	0	0	0	0	0	0	0	0	0	0	0	1	0	1	17	0
Zotu214	0	0	17	0	0	0	0	0	0	0	0	0	0	0	0	0	0	0	0	1	0	0	0	0	0	0	0	0	0	0
Zotu390	0	0	2	0	0	0	0	0	0	0	0	0	0	1	0	0	0	0	0	0	0	0	0	0	0	0	0	1	0	0
Zotu98	0	0	1	0	0	3	0	2	0	0	0	0	8	18	0	0	0	0	0	0	0	0	0	1	0	22	0	3	0	0
Zotu455	0	0	2	0	0	0	0	0	0	0	0	0	0	1	0	0	0	1	3	0	1	0	0	0	0	23	0	1	0	0
Zotu361	0	0	5	0	0	0	0	0	0	0	0	0	17	0	0	0	0	0	0	0	0	0	3	1	1	0	0	4	0	0
Zotu184	0	0	106	1	0	1	1	0	0	1	0	0	2	1	0	0	0	0	3	1	0	0	1	4	0	4	0	23	2	0
Zotu323	0	0	1	1	0	9	0	0	0	1	0	0	0	0	0	0	0	2	0	2	0	0	0	0	0	2	0	0	0	0
Zotu384	0	0	1	0	0	1	0	2	0	0	0	0	0	2	0	0	0	1	1	2	0	0	0	1	0	19	0	1	0	0
Zotu142	0	0	1	0	3	0	0	1	0	0	0	0	1	0	1	0	0	0	0	0	1	0	0	0	0	0	0	0	33	0
Zotu176	0	0	1	0	0	24	1	0	0	1	0	0	20	90	1	0	0	1	0	0	1	0	0	3	0	2	0	0	0	0
Zotu160	0	0	37	0	0	1	0	0	0	1	0	0	0	97	0	0	0	1	1	3	0	0	0	0	1	1	0	6	38	0
Zotu256	0	0	11	0	0	0	0	0	0	0	0	0	0	0	2	0	0	1	0	0	0	0	0	0	0	0	0	1	3	0
Zotu87	0	0	1	0	0	18	0	0	0	1	0	0	45	1	0	0	0	0	0	0	0	0	0	0	0	0	0	0	0	0
Zotu399	0	0	2	0	0	0	0	0	0	1	0	0	1	0	0	0	0	2	0	0	0	0	0	0	0	21	0	0	0	0
Zotu51	0	0	5	1	0	8	0	0	0	0	0	0	3	4	8	0	0	12	0	920	0	1	0	2	0	0	0	0	0	0
Zotu167	0	0	1	0	0	1	0	0	0	0	0	0	0	0	0	0	0	0	0	2	0	0	0	124	0	3	0	0	1	0
Zotu18	0	0	5	1	0	2	1	38	0	1	0	0	2	4	0	0	0	0	31	0	3	0	0	0	2	2	0	162	876	0
Zotu353	0	0	2	0	0	0	0	0	0	0	0	0	0	32	0	0	0	1	0	0	0	0	0	2	0	1	0	0	0	0
Zotu299	0	0	1	0	0	0	0	0	0	0	0	0	0	0	1	0	1	0	0	1	0	0	0	42	0	0	0	0	0	0
Zotu70	0	0	1	0	0	0	0	0	0	0	0	0	0	2	82	0	0	3	0	0	0	0	0	0	0	3	0	0	0	0
Zotu282	0	0	3	0	0	0	0	3	0	0	0	0	1	0	0	0	0	0	0	0	0	0	0	0	0	0	0	0	0	0
Zotu89	0	0	2	0	0	2	0	0	0	0	0	0	0	2	0	0	0	3	0	353	0	1	0	1	0	1	0	0	0	0
Zotu405	0	0	1	1	0	1	0	1	0	0	0	0	1	14	0	0	0	1	1	0	0	0	0	0	0	6	0	2	0	0
Zotu231	0	0	1	0	0	0	0	0	0	1	0	1	0	0	0	0	1	0	0	0	0	1	0	1	0	5	0	0	0	0
Zotu280	0	0	1	0	0	1	0	0	0	0	0	0	1	0	0	0	0	0	1	0	0	0	0	1	0	4	0	1	1	0
Zotu412	0	0	9	0	0	0	0	0	0	0	0	0	6	0	0	0	0	0	0	0	0	0	0	0	0	0	0	0	2	0
Zotu375	0	0	1	1	0	0	0	0	0	0	0	0	0	0	0	0	0	0	0	0	0	0	0	1	0	20	0	0	0	0
Zotu73	0	0	1	0	0	31	0	0	0	3	27	2	3	0	1	2	0	1	17	2	5	70	36	1	2	1	0	7	1	0
Zotu126	0	0	3	0	0	0	0	0	0	0	0	1	1	39	0	0	0	0	3	0	1	0	0	0	0	1	0	5	1	0
Zotu263	0	0	1	0	0	0	1	0	0	0	0	0	1	0	0	1	0	0	1	0	0	0	0	11	0	50	0	1	0	0
Zotu317	0	0	1	0	0	0	0	0	0	0	0	0	0	0	0	0	0	0	1	0	0	0	0	0	0	1	0	7	0	0
Zotu92	0	0	1	3	1	0	1	0	0	0	0	1	1	2	1	0	0	2	3	1	3	0	1	5	0	365	0	10	3	0
Zotu402	0	0	7	0	1	1	0	5	0	1	0	0	0	0	0	0	3	0	1	0	1	0	0	0	0	0	0	3	18	0
Zotu63	0	0	1	0	0	4	0	0	0	0	0	0	0	3	1	0	0	2	0	73	0	0	0	0	0	0	0	0	0	0
Zotu489	0	0	1	0	0	1	0	0	0	0	1	0	1	0	0	1	0	0	2	0	0	0	0	0	0	0	0	1	2	0
Zotu269	0	0	1	0	0	0	0	7	0	0	0	0	0	0	0	0	0	0	0	0	1	1	0	0	1	0	0	0	0	0
Zotu271	0	0	1	1	0	2	0	0	0	0	0	0	0	1	0	0	1	1	0	0	1	0	0	0	0	54	0	0	0	0
Zotu281	0	0	1	1	0	2	1	0	0	0	31	1	0	2	0	0	4	0	0	0	0	0	1	0	0	0	0	0	0	0
Zotu156	0	0	1	1	1	0	1	21	1	0	0	0	1	0	0	0	2	0	0	0	0	0	0	0	2	0	1	0	8	0
Zotu108	0	0	1	0	0	2	1	3	0	2	0	1	3	3	2	2	16	1	26	2	1	1	2	187	0	57	0	41	2	0
Zotu150	0	0	1	0	0	0	0	84	0	0	0	0	0	0	0	0	0	0	2	0	0	0	0	0	0	0	0	6	81	0
Zotu183	0	0	0	19	1	0	0	5	0	1	0	0	1	0	0	0	0	0	1	0	0	0	1	0	0	0	0	9	86	0
Zotu303	0	0	0	3	8	0	0	2	0	0	0	0	0	0	0	0	1	0	5	0	0	0	0	0	0	6	0	9	3	0
Zotu461	0	0	0	1	1	0	0	0	0	0	0	0	0	0	0	0	0	0	0	0	0	0	0	0	0	4	0	0	2	0
Zotu441	0	0	0	10	0	0	0	0	0	0	0	0	0	0	0	0	3	0	0	0	0	0	0	0	0	0	0	0	1	0
Zotu172	0	0	0	4	0	0	0	9	0	0	0	0	0	0	0	0	0	0	18	0	0	0	0	0	0	0	0	39	75	0
Zotu341	0	0	0	4	13	3	0	3	0	0	1	0	1	0	0	0	2	1	2	0	0	0	1	0	0	2	0	4	0	0
Zotu258	0	0	0	1	0	0	0	0	0	0	0	0	0	0	0	0	0	0	0	0	3	0	0	14	0	1	0	0	0	0
Zotu423	0	0	0	2	0	0	0	2	0	0	0	0	1	0	0	0	2	0	5	0	0	0	0	3	0	8	0	9	0	0
Zotu395	0	0	0	3	0	0	0	0	0	0	0	0	0	0	0	0	0	0	0	0	0	1	0	19	0	5	0	0	0	0
Zotu209	0	0	0	5	0	1	0	0	0	0	0	0	0	0	0	0	0	0	1	0	0	0	0	0	0	0	0	2	8	0
Zotu296	0	0	0	1	0	42	0	0	0	0	1	0	0	1	0	0	0	0	0	0	0	0	0	0	0	0	0	0	0	0
Zotu199	0	0	0	2	7	0	0	5	0	0	0	0	0	0	0	0	0	0	5	0	0	1	0	0	0	0	0	2	0	0
Zotu398	0	0	0	1	2	1	1	0	0	2	0	0	1	2	0	0	1	0	0	0	2	0	0	0	4	0	5	0	0	0
Zotu474	0	0	0	1	1	0	0	13	0	0	0	0	3	0	0	0	2	0	0	0	0	0	0	0	0	0	0	0	9	0
Zotu404	0	0	0	0	12	0	0	0	0	0	0	0	0	0	0	0	0	0	0	0	0	0	0	0	0	0	0	0	12	0
Zotu481	0	0	0	0	2	0	0	0	0	0	0	0	1	0	0	1	2	0	0	0	0	0	1	0	0	0	0	0	14	0
Zotu221	0	0	0	0	1	0	0	0	0	0	0	0	73	1	0	0	0	0	0	0	0	0	0	0	0	1	0	0	0	0
Zotu277	0	0	0	0	15	0	0	3	0	2	0	0	0	1	0	0	6	0	6	0	0	0	0	0	0	0	0	12	1	0
Zotu123	0	0	0	0	18	1	0	0	0	0	0	0	0	0	0	0	0	1	0	0	4	0	0	0	0	0	0	0	234	0
Zotu290	0	0	0	0	1	0	0	1	0	0	0	0	0	0	0	0	0	0	12	0	0	0	0	0	0	14	0	16	2	0
Zotu191	0	0	0	0	13	0	0	90	0	0	1	0	0	0	0	0	0	0	0	0	2	0	4	0	0	0	0	2	0	0
Zotu272	0	0	0	0	1	1	0	0	0	0	0	0	4	2	0	0	0	0	0	0	1	0	0	0	0	9	0	0	0	0
Zotu460	0	0	0	0	11	0	0	0	0	0	0	0	0	0	0	0	0	0	0	1	4	0	0	0	0	0	0	0	0	0
Zotu355	0	0	0	0	3	1	0	1	0	0	0	0	2	0	0	0	0	0	1	0	0	0	0	0	0	0	0	1	1	0
Zotu286	0	0	0	0	5	5	0	6	0	1	0	0	9	0	0	0	1	1	1	0	1	0	1	0	0	0	0	1	24	0
Zotu153	0	0	0	0	2	33	0	0	0	0	0	0	0	0	0	0	0	0	1	0	9	0	0	0	0	0	0	2	1	0
Zotu352	0	0	0	0	1	3	0	0	0	0	0	0	1	0	0	0	0	0	0	0	0	0	0	0	0	2	0	0	0	0
Zotu420	0	0	0	0	1	0	0	0	0	0	0	0	0	0	0	0	0	0	0	0	0	0	0	0	0	0	0	0	0	0
Zotu287	0	0	0	0	1	0	0	0	0	0	0	0	0	0	0	0	0	0	1	0	0	0	0	53	0	8	0	0	0	0
Zotu316	0	0	0	0	0	1	0	0	0	0	0	0	0	0	0	0	0	0	0	0	0	0	0	1	0	27	0	0	0	0
Zotu238	0	0	0	0	0	62	0	0	0	0	1	0	1	0	1	0	0	1	0	3	1	0	0	0	0	1	0	0	0	0
Zotu248	0	0	0	0	0	4	0	1	0	0	0	0	10	0	0	0	0	0	0	0	0	1	0	0	0	0	0	0	0	0
Zotu396	0	0	0	0	0	3	0	0	0	0	0	0	0	0	0	0	0	1	0	6	0	0	0	0	0	0	0	0	0	0
Zotu370	0	0	0	0	0	2	1	0	0	0	2	0	0	0	0	0	0	1	0	1	17	0	1	0	3	0	1	0	0	0
Zotu388	0	0	0	0	0	8	0	0	0	0	0	0	0	1	0	0	0	0	0	25	0	0	0	0	0	0	0	0	0	0
Zotu247	0	0	0	0	0	1	0	0	0	0	0	0	0	0	0	0	0	0	2	0	0	0	0	52	0	3	0	1	1	0
Zotu203	0	0	0	0	0	2	0	0	0	0	0	1	19	0	0	0	0	1	0	0	0	0	0	0	0	1	0	0	0	0
Zotu241	0	0	0	0	0	6	0	0	0	0	0	0	2	11	0	0	0	0	0	0	0	0	0	0	0	2	0	0	0	0
Zotu462	0	0	0	0	0	18	0	0	0	0	0	0	0	0	0	0	0	0	0	0	1	0	0	0	0	0	0	0	0	0
Zotu149	0	0	0	0	0	2	0	0	0	1	1	0	1	2	0	1	0	1	0	32	0	0	0	0	0	1	0	0	0	0
Zotu445	0	0	0	0	0	4	0	0	0	1	0	0	0	1	1	0	0	2	0	0	1	0	0	0	0	3	0	0	0	0
Zotu300	0	0	0	0	0	1	0	1	0	0	0	0	0	0	0	0	1	0	0	0	0	0	0	0	0	38	0	0	0	0
Zotu336	0	0	0	0	0	1	0	0	0	0	0	0	0	12	1	0	0	0	0	0	0	0	0	0	0	0	0	0	0	0
Zotu170	0	0	0	0	0	1	0	0	0	0	0	0	0	0	1	0	0	1	0	1	0	0	0	120	0	1	0	0	0	0
Zotu244	0	0	0	0	0	1	0	0	0	0	0	0	1	1	0	0	0	0	0	0	0	0	1	5	0	1	0	0	0	0
Zotu301	0	0	0	0	0	1	0	1	0	1	0	0	1	0	0	1	0	0	2	0	0	0	0	14	0	11	0	8	0	0
Zotu265	0	0	0	0	0	13	0	0	0	0	0	1	1	0	0	0	0	0	0	9	0	0	0	0	0	0	0	0	0	0
Zotu313	0	0	0	0	0	1	0	0	0	0	0	0	0	1	0	0	0	0	2	1	0	0	0	0	0	6	0	1	0	0
Zotu220	0	0	0	0	0	1	0	1	0	1	1	0	0	1	1	0	1	1	0	0	0	0	0	9	0	1	0	2	0	0
Zotu349	0	0	0	0	0	1	0	0	0	5	0	0	0	0	2	0	0	1	0	0	0	0	0	0	0	0	0	0	0	0
Zotu437	0	0	0	0	0	1	0	0	0	0	0	0	1	0	1	0	0	0	0	0	0	0	0	0	0	0	0	0	0	0
Zotu453	0	0	0	0	0	2	0	0	0	0	0	0	19	1	1	0	0	0	0	0	0	0	0	0	0	1	0	0	0	0
Zotu446	0	0	0	0	0	1	0	1	0	0	0	0	0	0	0	0	10	0	10	0	1	0	2	0	0	1	0	10	3	0
Zotu450	0	0	0	0	0	1	0	0	0	0	0	0	12	0	0	0	0	0	0	0	0	0	0	0	0	0	0	0	0	0
Zotu305	0	0	0	0	0	1	0	1	0	0	0	0	0	0	0	0	0	0	1	0	0	0	0	24	0	0	0	6	1	0
Zotu182	0	0	0	0	0	0	1	0	0	0	0	1	1	0	1	0	3	0	9	0	2	0	2	82	0	3	0	4	5	0
Zotu321	0	0	0	0	0	0	1	0	0	0	0	0	27	0	0	0	0	0	0	0	0	0	0	0	0	0	0	0	0	0
Zotu428	0	0	0	0	0	0	1	0	0	0	0	0	0	0	0	0	0	0	0	0	0	0	0	17	0	7	0	1	0	0
Zotu422	0	0	0	0	0	0	2	0	0	0	0	1	0	0	0	2	0	0	96	2	0	1	0	0	1	0	0	28	0	0
Zotu169	0	0	0	0	0	0	1	2	0	0	0	0	0	0	1	0	2	0	9	0	0	0	0	116	0	1	0	7	0	0
Zotu319	0	0	0	0	0	0	1	0	0	0	0	0	0	0	0	0	0	0	0	0	0	0	0	0	0	6	0	0	0	0
Zotu225	0	0	0	0	0	0	1	0	0	0	2	0	0	0	0	0	0	0	0	0	0	0	0	14	0	1	0	0	0	0
Zotu294	0	0	0	0	0	0	1	4	0	0	1	0	0	2	0	0	0	0	10	0	0	1	0	20	0	8	0	12	0	0
Zotu325	0	0	0	0	0	0	0	3	0	0	0	0	1	0	0	0	0	0	8	0	0	0	0	4	0	2	0	14	1	0
Zotu419	0	0	0	0	0	0	0	5	0	0	0	0	0	0	0	0	0	0	9	0	0	0	0	0	0	0	0	20	0	0
Zotu414	0	0	0	0	0	0	0	1	0	0	0	0	0	0	0	0	0	0	5	0	0	0	0	0	0	0	0	14	1	0
Zotu111	0	0	0	0	0	0	0	55	0	0	0	0	0	0	0	0	0	0	0	0	0	0	0	0	0	1	0	2	54	0
Zotu440	0	0	0	0	0	0	0	15	0	0	0	0	0	0	0	0	0	0	0	0	0	0	0	0	0	0	0	0	14	0
Zotu83	0	0	0	0	0	0	0	275	0	0	0	0	0	0	0	0	0	0	3	0	0	0	0	0	0	0	0	12	231	0
Zotu48	0	0	0	0	0	0	0	14	0	0	0	0	0	0	0	0	0	0	80	0	0	0	0	0	0	0	0	619	12	0
Zotu331	0	0	0	0	0	0	0	4	0	0	0	0	0	0	0	0	0	0	4	0	0	0	0	0	0	0	0	20	2	0
Zotu208	0	0	0	0	0	0	0	20	0	0	0	0	0	0	0	0	0	0	0	0	0	0	0	0	0	0	0	1	17	0
Zotu385	0	0	0	0	0	0	0	3	0	0	0	0	0	0	0	0	0	0	5	0	0	0	0	8	0	0	0	7	0	0
Zotu236	0	0	0	0	0	0	0	6	0	0	0	0	0	0	0	0	3	0	34	0	0	0	0	0	0	0	0	19	7	0
Zotu345	0	0	0	0	0	0	0	3	0	0	0	0	0	0	0	0	3	1	7	0	0	0	0	11	0	0	0	13	1	0
Zotu246	0	0	0	0	0	0	0	4	0	0	0	0	0	1	0	0	0	1	28	0	0	0	0	1	0	5	0	27	8	0
Zotu310	0	0	0	0	0	0	0	3	0	0	1	0	1	1	0	0	5	1	8	0	2	0	0	2	0	11	0	11	1	0
Zotu177	0	0	0	0	0	0	0	8	0	0	0	0	0	0	0	0	0	0	25	0	0	0	0	0	0	0	0	39	57	0
Zotu386	0	0	0	0	0	0	0	2	0	0	0	0	0	0	0	0	0	0	1	0	0	0	0	4	1	7	0	13	0	0
Zotu155	0	0	0	0	0	0	0	7	0	0	0	0	0	0	0	0	0	0	42	0	0	0	0	0	0	0	0	85	7	0
Zotu338	0	0	0	0	0	0	0	2	0	0	0	0	0	0	0	0	0	0	23	0	0	0	0	0	0	0	0	25	0	0
Zotu267	0	0	0	0	0	0	0	2	0	0	0	0	0	0	0	0	0	0	26	0	0	0	0	0	0	0	0	33	8	0
Zotu413	0	0	0	0	0	0	0	2	0	0	0	0	0	0	0	0	0	0	5	0	0	0	0	0	0	0	0	8	0	0
Zotu344	0	0	0	0	0	0	0	3	0	1	0	0	0	0	0	0	0	0	5	0	0	0	0	0	0	0	0	13	4	0
Zotu456	0	0	0	0	0	0	0	1	0	0	0	0	0	0	0	0	0	0	13	0	0	0	0	0	0	0	0	9	2	0
Zotu257	0	0	0	0	0	0	0	4	0	0	0	0	0	3	0	1	0	0	8	1	0	1	0	1	0	2	0	18	25	0
Zotu357	0	0	0	0	0	0	0	3	0	0	0	0	0	0	0	0	0	0	4	0	0	0	0	0	0	0	0	11	2	0
Zotu377	0	0	0	0	0	0	0	4	0	0	0	0	0	0	0	0	0	0	9	0	0	0	0	0	0	0	0	16	0	0
Zotu255	0	0	0	0	0	0	0	8	0	0	2	0	0	0	0	0	0	1	11	0	0	0	0	1	0	12	0	16	1	0
Zotu463	0	0	0	0	0	0	0	2	0	4	0	0	0	1	0	0	0	0	0	0	0	0	0	0	0	15	0	8	1	0
Zotu243	0	0	0	0	0	0	0	5	0	0	0	0	0	0	1	0	0	3	17	0	0	0	0	0	0	0	0	32	2	0
Zotu322	0	0	0	0	0	0	0	2	0	0	0	0	0	0	0	0	0	0	11	0	0	0	0	0	0	0	0	23	4	0
Zotu387	0	0	0	0	0	0	0	1	0	0	0	0	0	0	0	0	0	0	12	0	0	0	0	0	0	0	0	19	1	0
Zotu268	0	0	0	0	0	0	0	2	0	0	0	0	0	0	0	0	0	0	10	0	0	0	0	1	0	0	0	31	4	0
Zotu315	0	0	0	0	0	0	0	2	0	0	0	0	0	0	0	0	0	0	16	0	0	0	0	0	0	0	0	24	3	0
Zotu372	0	0	0	0	0	0	0	1	0	0	0	0	0	0	0	0	0	1	1	0	0	0	0	0	0	4	0	1	0	0
Zotu114	0	0	0	0	0	0	0	2	0	1	0	0	0	0	0	0	0	3	15	1	0	0	0	0	0	0	0	20	30	0
Zotu367	0	0	0	0	0	0	0	1	0	0	0	0	0	0	0	0	0	0	0	0	0	0	0	21	0	4	0	0	0	0
Zotu314	0	0	0	0	0	0	0	2	0	0	0	0	0	0	0	0	0	0	10	0	0	0	0	7	0	6	0	17	3	0
Zotu251	0	0	0	0	0	0	0	5	0	0	0	0	0	0	0	0	0	0	16	0	0	0	0	0	0	0	0	32	11	0
Zotu416	0	0	0	0	0	0	0	1	0	0	0	0	0	0	0	0	0	0	1	0	0	0	0	3	0	15	0	5	0	0
Zotu139	0	0	0	0	0	0	0	4	0	0	0	0	0	0	0	0	0	0	65	0	0	0	0	0	0	0	0	76	5	0
Zotu421	0	0	0	0	0	0	0	1	0	0	0	0	0	0	0	0	0	0	2	0	0	0	0	9	0	4	0	4	0	0
Zotu454	0	0	0	0	0	0	0	1	0	0	0	0	0	0	0	0	10	0	3	0	1	0	0	0	0	1	0	3	0	0
Zotu403	0	0	0	0	0	0	0	1	0	0	0	0	0	0	0	0	0	0	1	0	0	0	0	3	0	0	0	2	0	0
Zotu458	0	0	0	0	0	0	0	1	0	0	0	0	0	0	0	0	0	0	1	0	0	0	0	0	0	2	0	1	0	0
Zotu434	0	0	0	0	0	0	0	1	0	0	0	0	0	0	0	0	0	0	5	0	0	0	0	0	0	0	0	3	3	0
Zotu74	0	0	0	0	0	0	0	1	0	0	0	0	0	0	0	0	0	0	11	0	0	0	0	0	0	0	0	115	1	0
Zotu380	0	0	0	0	0	0	0	1	0	0	0	0	0	0	0	0	0	1	11	0	0	0	0	3	0	0	0	11	5	0
Zotu426	0	0	0	0	0	0	0	1	0	0	0	0	0	0	0	0	0	0	5	0	0	0	0	0	0	0	0	0	0	0
Zotu302	0	0	0	0	0	0	0	1	0	0	0	0	0	0	0	0	0	0	0	0	0	0	0	5	0	2	0	3	0	0
Zotu293	0	0	0	0	0	0	0	1	0	0	0	0	0	0	0	0	0	0	13	0	0	0	0	2	0	0	0	21	1	0
Zotu171	0	0	0	0	0	0	0	4	0	0	1	0	0	1	1	0	2	0	31	0	0	0	0	14	0	0	0	46	1	0
Zotu444	0	0	0	0	0	0	0	2	0	0	0	0	0	1	0	0	0	0	0	0	0	0	0	0	0	15	0	3	0	0
Zotu469	0	0	0	0	0	0	0	1	0	0	0	0	0	0	0	0	0	0	3	0	0	0	0	0	0	0	0	3	1	0
Zotu311	0	0	0	0	0	0	0	1	0	0	0	0	0	0	0	0	0	0	0	1	0	0	1	29	0	12	0	1	1	0
Zotu391	0	0	0	0	0	0	0	1	0	0	0	1	1	0	0	0	1	0	1	0	0	0	0	30	0	13	0	3	0	0
Zotu84	0	0	0	0	0	0	0	1	0	2	0	1	0	0	0	0	0	1	4	0	0	0	0	0	0	0	0	90	0	0
Zotu432	0	0	0	0	0	0	0	1	0	0	0	0	0	0	0	0	0	0	5	0	0	0	0	0	0	0	0	8	0	0
Zotu378	0	0	0	0	0	0	0	1	0	0	0	0	0	0	1	0	0	0	7	0	0	0	1	0	0	0	0	6	2	0
Zotu392	0	0	0	0	0	0	0	1	0	0	0	1	0	0	0	0	1	0	6	0	0	0	0	0	0	21	0	3	0	0
Zotu382	0	0	0	0	0	0	0	2	0	0	0	0	0	0	0	0	0	0	14	0	0	0	0	0	0	0	0	19	2	0
Zotu486	0	0	0	0	0	0	0	1	0	0	0	0	0	0	0	0	0	0	10	0	0	0	0	0	0	0	0	5	3	0
Zotu65	0	0	0	0	0	0	0	1	0	7	0	0	1	0	0	0	0	8	10	1	0	0	1	0	0	0	0	727	0	0
Zotu196	0	0	0	0	0	0	0	0	1	0	0	0	0	0	1	0	0	0	0	131	0	0	0	0	0	0	0	0	0	0
Zotu318	0	0	0	0	0	0	0	0	0	32	0	0	0	0	3	0	0	1	0	2	0	0	0	0	0	0	0	0	0	0
Zotu484	0	0	0	0	0	0	0	0	0	1	0	0	0	0	0	0	0	0	0	0	0	0	0	1	0	3	0	0	0	0
Zotu253	0	0	0	0	0	0	0	0	0	1	0	0	55	0	1	0	0	1	0	0	0	0	0	0	0	0	0	0	0	0
Zotu476	0	0	0	0	0	0	0	0	0	1	0	0	1	0	0	0	0	0	0	0	0	0	1	0	0	2	0	0	0	0
Zotu228	0	0	0	0	0	0	0	0	0	1	0	0	1	1	0	0	0	0	1	0	0	0	0	0	0	9	0	6	2	0
Zotu216	0	0	0	0	0	0	0	0	0	1	0	0	1	0	0	0	0	0	0	0	0	0	0	13	0	1	0	5	1	0
Zotu400	0	0	0	0	0	0	0	0	0	1	0	0	0	0	1	0	0	0	0	0	0	0	0	0	0	15	0	0	0	0
Zotu306	0	0	0	0	0	0	0	0	0	1	0	0	1	0	0	0	0	0	0	2	0	0	0	5	0	0	0	0	0	0
Zotu374	0	0	0	0	0	0	0	0	0	0	1	0	0	0	0	0	0	0	0	0	2	0	0	1	0	0	0	0	0	0
Zotu465	0	0	0	0	0	0	0	0	0	0	1	0	0	0	0	0	0	0	0	0	1	0	0	15	0	3	0	1	0	0
Zotu433	0	0	0	0	0	0	0	0	0	0	0	17	0	0	1	0	0	0	0	0	0	0	0	0	0	0	0	0	0	0
Zotu233	0	0	0	0	0	0	0	0	0	0	0	3	1	0	0	0	0	0	2	0	1	0	0	12	0	0	0	3	1	0
Zotu215	0	0	0	0	0	0	0	0	0	0	0	1	0	0	0	0	1	0	1	0	0	0	0	1	0	14	0	1	0	0
Zotu488	0	0	0	0	0	0	0	0	0	0	0	1	0	0	0	0	0	0	1	0	0	0	0	5	0	0	0	1	0	0
Zotu324	0	0	0	0	0	0	0	0	0	0	0	0	8	0	0	0	0	0	0	0	0	0	0	0	1	0	0	0	0	0
Zotu467	0	0	0	0	0	0	0	0	0	0	0	0	16	0	0	0	0	0	0	0	0	0	0	0	0	0	0	0	0	0
Zotu239	0	0	0	0	0	0	0	0	0	0	0	0	1	0	1	0	0	0	1	0	0	0	0	79	0	1	0	0	1	0
Zotu232	0	0	0	0	0	0	0	0	0	0	0	0	1	65	0	0	0	0	0	0	0	0	0	1	0	0	0	0	0	0
Zotu252	0	0	0	0	0	0	0	0	0	0	0	0	1	0	0	0	4	0	0	0	0	0	0	20	0	31	0	0	0	0
Zotu106	0	0	0	0	0	0	0	0	0	0	0	0	3	4	0	0	1	0	1	1	0	0	1	32	1	19	0	6	3	0
Zotu442	0	0	0	0	0	0	0	0	0	0	0	0	1	0	0	0	0	1	0	0	0	0	1	0	0	22	0	0	0	0
Zotu490	0	0	0	0	0	0	0	0	0	0	0	0	1	0	0	0	0	14	0	0	0	0	0	0	0	1	0	0	0	0
Zotu401	0	0	0	0	0	0	0	0	0	0	0	0	1	0	0	0	0	1	0	0	1	0	0	1	0	0	0	0	0	0
Zotu371	0	0	0	0	0	0	0	0	0	0	0	0	6	0	0	0	0	0	0	0	0	0	0	0	0	0	0	0	0	0
Zotu334	0	0	0	0	0	0	0	0	0	0	0	0	1	0	0	0	0	0	0	0	0	0	0	9	0	1	0	2	0	0
Zotu379	0	0	0	0	0	0	0	0	0	0	0	0	2	0	0	0	0	0	4	0	0	0	1	9	0	9	0	6	2	0
Zotu350	0	0	0	0	0	0	0	0	0	0	0	0	1	0	0	0	1	1	0	0	0	0	0	0	0	25	0	0	0	0
Zotu275	0	0	0	0	0	0	0	0	0	0	0	0	0	2	0	0	1	0	1	0	1	0	0	12	0	2	0	3	2	0
Zotu250	0	0	0	0	0	0	0	0	0	0	0	0	0	2	0	0	0	1	0	0	0	0	0	47	0	23	0	1	0	0
Zotu346	0	0	0	0	0	0	0	0	0	0	0	0	0	37	0	0	0	0	0	2	0	0	0	0	0	0	0	0	0	0
Zotu307	0	0	0	0	0	0	0	0	0	0	0	0	0	1	0	0	0	0	1	0	1	0	0	0	0	0	0	0	8	0
Zotu452	0	0	0	0	0	0	0	0	0	0	0	0	0	7	0	0	0	0	0	0	0	0	0	0	0	0	0	0	0	0
Zotu424	0	0	0	0	0	0	0	0	0	0	0	0	0	1	0	0	0	0	0	0	0	0	0	0	0	3	0	0	0	0
Zotu397	0	0	0	0	0	0	0	0	0	0	0	0	0	1	0	0	6	0	4	0	0	0	0	3	0	5	0	3	0	0
Zotu223	0	0	0	0	0	0	0	0	0	0	0	0	0	0	1	0	0	0	2	0	0	0	0	0	0	12	0	0	1	0
Zotu264	0	0	0	0	0	0	0	0	0	0	0	0	0	0	1	0	0	0	0	0	0	0	0	15	0	2	0	1	0	0
Zotu408	0	0	0	0	0	0	0	0	0	0	0	0	0	0	1	0	0	0	0	0	0	0	0	0	0	0	0	0	0	0
Zotu332	0	0	0	0	0	0	0	0	0	0	0	0	0	0	0	1	0	0	0	0	0	0	0	2	0	35	0	0	0	0
Zotu179	0	0	0	0	0	0	0	0	0	0	0	0	0	0	0	1	0	0	7	0	0	0	0	9	0	2	0	2	0	0
Zotu110	0	0	0	0	0	0	0	0	0	0	0	0	0	0	0	0	3	0	0	0	1	0	0	32	0	30	0	1	0	0
Zotu320	0	0	0	0	0	0	0	0	0	0	0	0	0	0	0	0	1	0	0	0	0	0	2	1	0	36	0	3	0	0
Zotu487	0	0	0	0	0	0	0	0	0	0	0	0	0	0	0	0	1	0	1	0	0	0	0	0	0	11	0	1	1	0
Zotu475	0	0	0	0	0	0	0	0	0	0	0	0	0	0	0	0	4	0	1	0	0	0	0	0	0	9	0	1	0	0
Zotu245	0	0	0	0	0	0	0	0	0	0	0	0	0	0	0	0	1	1	0	0	0	0	0	4	0	1	0	0	0	0
Zotu363	0	0	0	0	0	0	0	0	0	0	0	0	0	0	0	0	0	1	14	0	0	0	1	0	0	0	0	10	0	0
Zotu270	0	0	0	0	0	0	0	0	0	0	0	0	0	0	0	0	0	1	1	0	0	0	0	9	0	1	0	0	0	0
Zotu471	0	0	0	0	0	0	0	0	0	0	0	0	0	0	0	0	0	0	6	0	0	0	0	1	0	0	0	13	4	0
Zotu328	0	0	0	0	0	0	0	0	0	0	0	0	0	0	0	0	0	0	27	0	0	0	0	0	0	0	0	14	4	0
Zotu394	0	0	0	0	0	0	0	0	0	0	0	0	0	0	0	0	0	0	5	0	0	0	0	0	0	2	0	6	1	0
Zotu425	0	0	0	0	0	0	0	0	0	0	0	0	0	0	0	0	0	0	7	0	0	0	0	0	0	0	0	6	3	0
Zotu478	0	0	0	0	0	0	0	0	0	0	0	0	0	0	0	0	0	0	11	0	0	0	0	0	0	0	0	16	0	0
Zotu448	0	0	0	0	0	0	0	0	0	0	0	0	0	0	0	0	0	0	17	0	0	0	0	0	0	0	0	19	3	0
Zotu409	0	0	0	0	0	0	0	0	0	0	0	0	0	0	0	0	0	0	9	0	0	0	0	0	0	0	0	13	2	0
Zotu479	0	0	0	0	0	0	0	0	0	0	0	0	0	0	0	0	0	0	6	0	0	0	0	0	0	0	0	4	0	0
Zotu457	0	0	0	0	0	0	0	0	0	0	0	0	0	0	0	0	0	0	6	0	0	0	0	0	0	0	0	4	0	0
Zotu464	0	0	0	0	0	0	0	0	0	0	0	0	0	0	0	0	0	0	10	0	0	0	0	0	0	0	0	7	1	0
Zotu57	0	0	0	0	0	0	0	0	0	0	0	0	0	0	0	0	0	0	16	0	0	0	0	0	0	0	0	943	0	0
Zotu449	0	0	0	0	0	0	0	0	0	0	0	0	0	0	0	0	0	0	12	0	0	0	0	0	0	0	0	12	2	0
Zotu335	0	0	0	0	0	0	0	0	0	0	0	0	0	0	0	0	0	0	8	0	0	0	0	0	0	0	0	9	2	0
Zotu368	0	0	0	0	0	0	0	0	0	0	0	0	0	0	0	0	0	0	2	0	0	0	0	1	0	41	0	1	0	0
Zotu443	0	0	0	0	0	0	0	0	0	0	0	0	0	0	0	0	0	0	2	0	0	0	0	0	0	17	0	1	0	0
Zotu273	0	0	0	0	0	0	0	0	0	0	0	0	0	0	0	0	0	0	2	0	0	0	0	0	0	5	0	2	0	0
Zotu491	0	0	0	0	0	0	0	0	0	0	0	0	0	0	0	0	0	0	1	0	0	0	0	10	0	0	0	1	0	0
Zotu291	0	0	0	0	0	0	0	0	0	0	0	0	0	0	0	0	0	0	1	0	0	0	0	6	0	0	0	1	0	0
Zotu337	0	0	0	0	0	0	0	0	0	0	0	0	0	0	0	0	0	0	4	0	0	0	0	0	0	0	0	3	0	0
Zotu304	0	0	0	0	0	0	0	0	0	0	0	0	0	0	0	0	0	0	6	0	0	0	0	0	0	2	0	5	1	0
Zotu410	0	0	0	0	0	0	0	0	0	0	0	0	0	0	0	0	0	0	6	0	0	0	0	0	0	0	0	2	2	0
Zotu470	0	0	0	0	0	0	0	0	0	0	0	0	0	0	0	0	0	0	4	0	0	0	0	0	0	0	0	4	1	0
Zotu411	0	0	0	0	0	0	0	0	0	0	0	0	0	0	0	0	0	0	4	0	0	0	0	0	0	0	0	5	1	0
Zotu373	0	0	0	0	0	0	0	0	0	0	0	0	0	0	0	0	0	0	1	0	0	0	0	10	0	0	0	0	0	0
Zotu230	0	0	0	0	0	0	0	0	0	0	0	0	0	0	0	0	0	0	3	0	0	0	0	0	0	0	0	0	10	0
Zotu383	0	0	0	0	0	0	0	0	0	0	0	0	0	0	0	0	0	0	5	0	0	0	0	0	0	0	0	9	0	0
Zotu279	0	0	0	0	0	0	0	0	0	0	0	0	0	0	0	0	0	0	1	0	0	0	0	3	0	9	0	1	0	0
Zotu427	0	0	0	0	0	0	0	0	0	0	0	0	0	0	0	0	0	0	1	0	0	0	0	2	0	1	0	0	0	0
Zotu472	0	0	0	0	0	0	0	0	0	0	0	0	0	0	0	0	0	0	0	43	0	0	6	0	0	0	0	1	0	0
Zotu219	0	0	0	0	0	0	0	0	0	0	0	0	0	0	0	0	0	0	0	27	0	0	0	0	0	0	0	0	0	0
Zotu206	0	0	0	0	0	0	0	0	0	0	0	0	0	0	0	0	0	0	0	1	0	0	0	81	0	0	0	2	1	0
Zotu211	0	0	0	0	0	0	0	0	0	0	0	0	0	0	0	0	0	0	0	1	0	0	0	72	0	2	0	0	0	0
Zotu348	0	0	0	0	0	0	0	0	0	0	0	0	0	0	0	0	0	0	0	0	19	0	0	0	0	0	0	0	0	0
Zotu249	0	0	0	0	0	0	0	0	0	0	0	0	0	0	0	0	0	0	0	0	1	0	0	58	0	0	0	4	0	0
Zotu439	0	0	0	0	0	0	0	0	0	0	0	0	0	0	0	0	0	0	0	0	0	1	0	0	0	4	0	0	0	0
Zotu351	0	0	0	0	0	0	0	0	0	0	0	0	0	0	0	0	0	0	0	0	0	0	0	28	0	0	0	0	0	0
Zotu438	0	0	0	0	0	0	0	0	0	0	0	0	0	0	0	0	0	0	0	0	0	0	0	16	0	0	0	0	0	0
Zotu285	0	0	0	0	0	0	0	0	0	0	0	0	0	0	0	0	0	0	0	0	0	0	0	30	0	1	0	0	0	0
Zotu327	0	0	0	0	0	0	0	0	0	0	0	0	0	0	0	0	0	0	0	0	0	0	0	11	0	4	0	0	0	0
Zotu366	0	0	0	0	0	0	0	0	0	0	0	0	0	0	0	0	0	0	0	0	0	0	0	1	0	10	0	0	0	0
Zotu480	0	0	0	0	0	0	0	0	0	0	0	0	0	0	0	0	0	0	0	0	0	0	0	20	0	0	0	0	0	0
Zotu289	0	0	0	0	0	0	0	0	0	0	0	0	0	0	0	0	0	0	0	0	0	0	0	8	0	0	0	1	0	0
Zotu393	0	0	0	0	0	0	0	0	0	0	0	0	0	0	0	0	0	0	0	0	0	0	0	3	0	2	0	0	0	0
Zotu436	0	0	0	0	0	0	0	0	0	0	0	0	0	0	0	0	0	0	0	0	0	0	0	5	0	1	0	0	0	0
Zotu356	0	0	0	0	0	0	0	0	0	0	0	0	0	0	0	0	0	0	0	0	0	0	0	2	0	0	0	0	0	0
Zotu407	0	0	0	0	0	0	0	0	0	0	0	0	0	0	0	0	0	0	0	0	0	0	0	1	1	2	0	0	0	0
Zotu217	0	0	0	0	0	0	0	0	0	0	0	0	0	0	0	0	0	0	0	0	0	0	0	0	0	27	0	0	2	0
Zotu468	0	0	0	0	0	0	0	0	0	0	0	0	0	0	0	0	0	0	0	0	0	0	0	0	0	3	0	0	0	0
Zotu482	0	0	0	0	0	0	0	0	0	0	0	0	0	0	0	0	0	0	0	0	0	0	0	0	0	4	0	1	0	0
Zotu477	0	0	0	0	0	0	0	0	0	0	0	0	0	0	0	0	0	0	0	0	0	0	0	0	0	1	0	0	0	0
Zotu193	0	0	0	0	0	0	0	0	0	0	0	0	0	0	0	0	0	0	0	0	0	0	0	0	0	0	0	1	17	0
