#OTU ID	SRR2533873	SRR2533894	SRR2533897	SRR2533904	SRR2533911	SRR2533919	SRR2533933	SRR2533949	SRR2533985	SRR2534007	SRR2534013	SRR2534024	SRR2534037	SRR2534046	SRR2534057
Zotu7	68	0	0	1	0	19862	173	659	1	0	0	1	0	2	0
Zotu14	0	6236	0	70	0	11	0	0	0	0	0	0	0	0	0
Zotu6	0	25268	0	406	0	4	0	0	0	0	0	0	0	0	0
Zotu64	0	234	0	0	0	0	0	0	0	0	0	0	0	0	0
Zotu4	0	33673	0	336	0	101	58	0	0	0	0	0	0	0	0
Zotu9	0	10785	0	0	0	0	0	0	0	0	0	0	0	0	0
Zotu77	0	202	0	0	0	0	0	0	0	0	0	0	0	0	0
Zotu29	0	931	0	49	0	2	0	0	0	0	0	0	0	0	0
Zotu71	0	214	0	29	0	0	0	0	0	0	0	0	0	0	0
Zotu109	0	119	0	112	0	0	0	0	0	0	0	0	0	0	0
Zotu20	0	2085	0	38	0	0	0	0	0	0	0	0	0	0	0
Zotu28	0	953	0	31	0	0	0	0	0	1	0	0	0	0	0
Zotu128	0	82	0	68	0	0	0	0	0	0	0	0	0	0	0
Zotu12	0	5992	0	146	0	0	0	0	0	0	0	0	0	0	0
Zotu15	0	3715	0	8	0	2	0	0	0	0	0	0	0	0	0
Zotu67	0	319	0	0	0	0	0	0	0	0	0	0	0	0	0
Zotu39	0	443	0	0	0	0	0	0	0	0	0	0	0	0	0
Zotu22	0	2009	0	0	0	0	0	0	0	0	0	0	0	0	0
Zotu111	0	123	0	0	0	0	0	0	0	0	0	0	0	0	0
Zotu21	0	2059	0	1	0	0	0	0	0	0	0	0	0	0	0
Zotu90	0	152	0	16	0	4	0	0	0	0	0	0	0	0	0
Zotu134	0	62	0	0	0	0	0	0	0	0	0	0	0	0	0
Zotu113	0	115	0	0	0	0	0	0	0	0	0	0	0	0	0
Zotu76	0	187	0	6	0	0	0	0	0	0	0	0	0	0	0
Zotu153	0	63	0	0	0	0	0	0	0	0	0	0	0	0	0
Zotu36	0	558	0	0	0	0	0	0	0	0	0	0	0	0	0
Zotu41	0	440	0	0	0	0	0	0	0	0	0	0	0	0	0
Zotu34	0	689	0	0	0	0	0	0	0	0	0	0	0	0	0
Zotu46	0	321	0	0	0	0	0	0	0	0	0	0	0	0	0
Zotu205	0	31	0	15	0	0	0	0	0	0	0	0	0	0	0
Zotu194	0	40	0	0	0	0	0	0	0	0	0	0	0	0	0
Zotu48	0	40	69	7	19	3	96	16	0	2	0	1	0	0	0
Zotu75	0	218	0	0	0	0	0	0	0	0	0	0	0	0	0
Zotu63	0	249	0	34	0	0	0	0	0	0	0	0	0	0	0
Zotu87	0	161	0	3	0	0	0	0	0	0	0	0	0	0	0
Zotu240	0	26	0	0	0	0	0	0	0	0	0	0	0	0	0
Zotu229	0	30	0	0	0	0	0	0	0	0	0	0	0	0	0
Zotu59	0	337	0	6	0	0	0	0	0	0	0	0	0	0	0
Zotu81	0	24	0	203	0	0	0	0	0	1	0	0	0	0	0
Zotu173	0	71	0	8	0	0	0	0	0	0	0	0	0	0	0
Zotu88	0	169	0	7	0	0	0	0	0	0	0	0	0	0	0
Zotu60	0	365	0	1	0	1	0	0	0	0	0	0	0	0	0
Zotu94	0	105	0	11	0	0	1	0	0	0	0	0	0	0	0
Zotu174	0	88	0	2	0	0	0	0	0	0	0	0	0	0	0
Zotu140	0	74	0	0	0	0	0	0	0	0	0	0	0	0	0
Zotu97	0	108	0	5	0	0	0	0	0	0	0	0	0	0	0
Zotu150	0	54	0	3	0	0	0	0	0	0	0	0	0	0	0
Zotu160	0	48	0	0	0	0	0	0	0	0	0	0	0	0	0
Zotu69	0	271	0	0	0	0	0	0	0	0	0	0	0	0	0
Zotu122	0	64	0	16	0	0	0	0	0	0	0	0	0	0	0
Zotu191	0	42	0	0	0	0	0	0	0	0	0	0	0	0	0
Zotu167	0	44	0	0	0	0	0	0	0	0	0	0	0	0	0
Zotu121	0	98	0	20	0	2	1	0	0	0	0	0	0	0	0
Zotu93	0	123	0	7	0	0	0	0	0	0	0	0	0	0	0
Zotu135	0	21	0	30	0	0	0	0	0	0	0	0	0	0	0
Zotu245	0	42	0	0	0	2	0	0	0	0	0	0	0	0	0
Zotu202	0	34	0	0	0	0	0	0	0	0	0	0	0	0	0
Zotu149	0	72	0	0	0	0	0	0	0	0	0	0	0	0	0
Zotu136	0	75	0	0	0	0	0	0	0	0	0	0	0	0	0
Zotu236	0	23	0	0	0	0	0	0	0	0	0	0	0	0	0
Zotu238	0	31	0	14	0	0	0	0	0	0	0	0	0	0	0
Zotu189	0	29	0	0	0	0	0	0	0	0	0	0	0	0	0
Zotu159	0	73	0	61	0	0	1	0	0	0	0	0	0	0	0
Zotu168	0	33	0	0	0	0	0	0	0	0	0	0	0	0	0
Zotu182	0	21	0	0	0	40	0	0	0	0	0	0	0	0	0
Zotu184	0	47	0	0	0	0	0	0	0	0	0	0	0	0	0
Zotu190	0	55	0	0	0	0	0	0	0	0	0	0	0	0	0
Zotu152	0	60	0	0	0	0	0	0	0	0	0	0	0	0	0
Zotu166	0	78	0	27	0	0	0	0	0	0	0	0	0	0	0
Zotu221	0	34	0	0	0	0	0	0	0	0	0	0	0	0	0
Zotu248	0	23	0	0	0	0	0	0	0	0	0	0	0	0	0
Zotu239	0	15	0	0	0	0	0	0	0	0	0	0	0	0	0
Zotu250	0	36	0	0	0	0	0	0	0	0	0	0	0	0	0
Zotu244	0	15	0	0	0	0	0	0	0	0	0	0	0	0	0
Zotu163	0	10	0	5	0	43	0	0	0	0	0	0	0	0	0
Zotu154	0	32	0	2	0	0	0	0	0	0	0	0	0	0	0
Zotu223	0	22	0	0	0	0	0	0	0	0	0	0	0	0	0
Zotu171	0	39	0	0	0	0	0	0	0	0	0	0	0	0	0
Zotu175	0	31	0	13	0	0	0	0	0	0	0	0	0	0	0
Zotu246	0	16	0	1	0	0	0	0	0	0	0	0	0	0	0
Zotu169	0	49	0	0	0	0	0	0	0	0	0	0	0	0	0
Zotu230	0	15	0	0	0	0	0	0	0	0	0	0	0	0	0
Zotu211	0	31	0	5	0	0	0	0	0	0	0	0	0	0	0
Zotu213	0	32	0	0	0	0	0	2	0	0	0	0	0	0	0
Zotu106	0	41	67	0	0	0	0	0	0	0	0	0	0	0	0
Zotu101	0	98	0	18	0	5	0	0	0	0	0	0	0	0	0
Zotu206	0	35	0	7	0	0	0	0	0	0	0	0	0	0	0
Zotu147	0	48	0	0	0	0	0	0	0	0	0	0	0	0	0
Zotu201	0	2	24	0	0	0	0	0	0	0	0	0	0	0	0
Zotu234	0	26	0	9	0	0	0	0	0	0	0	0	0	0	0
Zotu247	0	23	0	0	0	0	0	0	0	0	0	0	0	0	0
Zotu204	0	17	0	0	0	3	0	0	0	0	0	0	0	0	0
Zotu252	0	37	0	0	0	0	0	0	0	0	0	0	0	0	0
Zotu243	0	12	0	0	0	0	0	0	0	0	0	0	0	0	0
Zotu233	0	25	0	1	0	0	0	0	0	0	0	0	0	0	0
Zotu224	0	25	0	0	0	0	0	0	0	0	0	0	0	0	0
Zotu79	0	1	0	35	0	289	3	0	0	0	0	0	0	0	0
Zotu116	0	3	0	0	0	0	56	0	0	0	0	0	0	0	0
Zotu100	0	4	0	0	0	0	0	124	0	0	0	0	0	0	0
Zotu227	0	23	0	0	0	0	0	0	0	0	0	0	0	0	0
Zotu237	0	2	0	0	0	25	0	0	0	0	0	0	0	0	0
Zotu216	0	2	0	13	0	2	0	0	0	0	0	0	0	0	0
Zotu92	0	3	0	1	0	120	0	0	0	0	0	0	0	0	0
Zotu54	0	1	1	0	0	0	183	0	0	0	0	0	0	0	0
Zotu207	0	1	0	0	0	0	24	0	0	0	0	0	0	0	0
Zotu2	0	0	22561	1	1	0	0	33875	0	0	0	0	0	0	0
Zotu11	0	0	5801	0	0	0	0	1061	0	0	0	0	0	0	0
Zotu30	0	0	635	0	0	0	0	0	0	0	2	0	0	0	0
Zotu55	0	0	207	0	0	0	0	0	0	0	0	0	0	0	0
Zotu208	0	0	19	0	0	0	0	0	0	0	0	0	0	0	0
Zotu17	0	0	1	0	0	2637	577	9	0	0	0	0	0	0	0
Zotu1	0	0	0	70521	7	8	33	34	0	0	0	0	0	0	0
Zotu196	0	0	0	62	0	0	0	0	0	0	0	0	0	0	0
Zotu5	0	0	0	128	6589	0	0	29851	0	0	0	0	0	0	0
Zotu249	0	0	0	24	0	0	0	0	0	0	0	0	0	0	0
Zotu200	0	0	0	45	0	0	0	0	0	0	0	0	0	0	0
Zotu73	0	0	0	123	0	115	0	0	0	0	0	0	0	0	0
Zotu96	0	0	0	166	0	11	1	0	0	0	0	0	0	0	0
Zotu141	0	0	0	52	0	0	0	0	0	0	0	0	0	0	0
Zotu187	0	0	0	28	0	0	0	0	0	0	0	0	0	0	0
Zotu66	0	0	0	107	0	112	0	0	0	0	0	0	0	0	0
Zotu142	0	0	0	80	0	0	0	0	0	0	0	0	0	0	0
Zotu132	0	0	0	78	0	23	0	0	0	0	0	0	0	0	0
Zotu241	0	0	0	16	0	0	0	0	0	0	0	0	0	0	0
Zotu232	0	0	0	28	0	0	0	0	0	0	0	0	0	0	0
Zotu183	0	0	0	21	0	5	0	0	0	0	0	0	0	0	0
Zotu197	0	0	0	45	0	0	0	0	0	0	0	0	0	0	0
Zotu215	0	0	0	28	0	0	0	0	0	0	0	0	0	0	0
Zotu164	0	0	0	32	0	0	0	0	0	0	0	0	0	0	0
Zotu157	0	0	0	54	0	0	0	0	0	0	0	0	0	0	0
Zotu210	0	0	0	17	0	0	0	0	0	0	0	0	0	0	0
Zotu198	0	0	0	38	0	0	0	0	0	0	0	0	0	0	0
Zotu199	0	0	0	44	0	0	0	0	0	0	0	0	0	0	0
Zotu242	0	0	0	39	0	1	0	0	0	0	0	0	0	0	0
Zotu107	0	0	0	1	0	135	1	0	1	0	0	0	0	0	0
Zotu251	0	0	0	18	0	0	0	0	0	0	0	0	0	0	0
Zotu220	0	0	0	17	0	16	0	1	0	0	0	0	0	0	0
Zotu217	0	0	0	20	0	0	0	0	0	0	0	0	0	0	0
Zotu8	0	0	0	8	17241	0	973	6	0	0	0	0	1	0	0
Zotu19	0	0	0	4	0	2254	1	52	0	0	0	1	0	0	0
Zotu38	0	0	0	3	0	498	0	17	0	0	0	1	0	0	0
Zotu56	0	0	0	7	0	30	0	184	0	5	0	18	2	1	3
Zotu231	0	0	0	14	0	11	4	0	0	0	0	0	0	0	0
Zotu10	0	0	0	1	10427	0	1	12	0	0	0	0	0	0	0
Zotu3	0	0	0	0	0	44545	58	57	0	0	0	0	0	0	0
Zotu52	0	0	0	0	0	277	0	0	0	0	0	0	0	0	0
Zotu31	0	0	0	0	0	897	24	71	3	0	0	4	8	6	1
Zotu115	0	0	0	0	0	79	0	9	0	0	0	0	0	0	0
Zotu13	0	0	0	0	0	6145	0	0	0	0	0	0	0	0	0
Zotu23	0	0	0	0	0	1505	0	0	0	0	0	0	0	0	0
Zotu43	0	0	0	0	0	441	0	0	0	0	0	0	0	0	0
Zotu110	0	0	0	0	0	83	0	0	0	0	0	0	0	0	0
Zotu49	0	0	0	0	0	348	0	2	0	0	0	0	0	0	0
Zotu83	0	0	0	0	0	160	0	0	0	0	0	0	0	0	0
Zotu27	0	0	0	0	0	1076	0	0	0	0	0	0	0	0	0
Zotu24	0	0	0	0	0	1309	151	78	2	0	0	11	1	2	1
Zotu37	0	0	0	0	0	720	0	0	0	0	0	0	0	0	0
Zotu26	0	0	0	0	0	1236	0	0	0	0	0	0	0	0	0
Zotu35	0	0	0	0	0	650	0	0	0	0	0	0	0	0	0
Zotu86	0	0	0	0	0	186	0	0	0	0	0	0	0	0	0
Zotu32	0	0	0	0	0	879	0	14	1	0	0	0	0	0	0
Zotu65	0	0	0	0	0	245	0	0	0	0	0	0	0	0	0
Zotu47	0	0	0	0	0	372	0	1	0	0	0	0	0	0	0
Zotu85	0	0	0	0	0	167	0	0	0	0	0	0	0	0	0
Zotu74	0	0	0	0	0	207	0	2	0	0	0	0	0	0	0
Zotu50	0	0	0	0	0	133	115	1	0	0	0	0	0	0	0
Zotu16	0	0	0	0	0	3703	0	2	0	0	0	0	0	0	0
Zotu18	0	0	0	0	0	2763	0	0	0	0	0	0	0	0	0
Zotu125	0	0	0	0	0	98	0	0	0	0	0	0	0	0	0
Zotu44	0	0	0	0	0	611	0	0	0	0	0	0	0	0	0
Zotu144	0	0	0	0	0	48	0	0	0	0	0	0	0	0	0
Zotu89	0	0	0	0	0	125	0	0	0	0	0	0	0	0	0
Zotu61	0	0	0	0	0	286	3	15	0	0	0	0	0	0	0
Zotu192	0	0	0	0	0	61	0	6	0	0	0	1	0	0	0
Zotu80	0	0	0	0	0	160	0	0	0	0	0	0	0	0	0
Zotu70	0	0	0	0	0	198	0	0	0	0	0	0	0	0	0
Zotu177	0	0	0	0	0	60	0	0	0	0	0	0	0	0	0
Zotu138	0	0	0	0	0	59	0	5	0	0	0	0	0	0	0
Zotu84	0	0	0	0	0	190	0	0	0	0	0	0	0	0	0
Zotu68	0	0	0	0	0	196	0	0	0	0	0	0	0	0	0
Zotu108	0	0	0	0	0	101	0	0	0	0	0	0	0	0	0
Zotu203	0	0	0	0	0	45	0	0	0	0	0	0	0	0	0
Zotu57	0	0	0	0	0	307	4	20	0	0	0	0	0	0	0
Zotu33	0	0	0	0	0	770	0	0	0	0	0	0	0	0	0
Zotu193	0	0	0	0	0	23	0	0	0	0	0	0	0	0	0
Zotu104	0	0	0	0	0	97	0	0	0	0	0	0	0	0	0
Zotu72	0	0	0	0	0	241	0	0	0	0	0	0	0	0	0
Zotu131	0	0	0	0	0	43	0	34	1	0	0	0	0	0	0
Zotu130	0	0	0	0	0	80	7	0	0	0	0	0	0	0	0
Zotu25	0	0	0	0	0	1374	0	0	0	0	0	0	0	0	0
Zotu45	0	0	0	0	0	407	0	0	0	0	0	0	0	0	0
Zotu165	0	0	0	0	0	45	0	0	0	0	0	0	0	0	0
Zotu118	0	0	0	0	0	126	0	0	0	0	0	0	0	0	0
Zotu195	0	0	0	0	0	26	9	0	0	0	0	0	0	0	0
Zotu51	0	0	0	0	0	348	0	18	0	0	0	0	0	0	0
Zotu209	0	0	0	0	0	23	0	0	0	0	0	0	0	0	0
Zotu178	0	0	0	0	0	38	0	0	0	0	0	0	0	0	0
Zotu78	0	0	0	0	0	145	17	4	0	0	0	3	0	1	0
Zotu99	0	0	0	0	0	109	7	0	0	0	0	0	0	0	0
Zotu117	0	0	0	0	0	97	0	0	0	0	0	0	0	0	0
Zotu40	0	0	0	0	0	377	0	86	0	0	0	0	0	0	0
Zotu53	0	0	0	0	0	201	0	61	0	0	0	0	0	0	0
Zotu170	0	0	0	0	0	31	0	0	0	0	0	0	0	0	0
Zotu103	0	0	0	0	0	146	1	6	0	0	0	0	0	0	0
Zotu58	0	0	0	0	0	248	0	5	0	0	0	0	0	0	0
Zotu42	0	0	0	0	0	427	0	0	0	0	0	0	0	0	0
Zotu179	0	0	0	0	0	65	0	0	0	0	0	2	0	0	0
Zotu186	0	0	0	0	0	57	0	0	0	0	0	0	0	0	0
Zotu225	0	0	0	0	0	42	0	0	0	0	0	0	0	0	0
Zotu119	0	0	0	0	0	114	0	0	0	0	0	0	0	0	0
Zotu82	0	0	0	0	0	162	9	0	0	0	0	0	0	0	0
Zotu91	0	0	0	0	0	120	0	0	0	0	0	0	0	0	0
Zotu145	0	0	0	0	0	38	0	38	0	0	0	0	0	0	0
Zotu102	0	0	0	0	0	101	0	0	1	0	0	0	0	0	0
Zotu146	0	0	0	0	0	79	0	0	0	0	0	0	0	0	0
Zotu181	0	0	0	0	0	31	0	19	0	0	0	0	0	0	0
Zotu155	0	0	0	0	0	38	0	0	0	0	0	0	0	0	0
Zotu62	0	0	0	0	0	311	0	0	0	0	0	0	0	0	0
Zotu120	0	0	0	0	0	81	0	0	0	0	0	0	0	0	0
Zotu156	0	0	0	0	0	45	0	0	0	0	0	0	0	0	0
Zotu137	0	0	0	0	0	35	0	37	0	0	0	0	0	0	0
Zotu126	0	0	0	0	0	63	0	0	0	0	0	0	0	0	0
Zotu253	0	0	0	0	0	22	0	0	0	0	0	0	0	0	0
Zotu133	0	0	0	0	0	63	0	0	0	0	0	0	0	0	0
Zotu127	0	0	0	0	0	89	0	0	0	0	0	0	0	0	0
Zotu254	0	0	0	0	0	26	0	0	0	0	0	0	0	0	0
Zotu219	0	0	0	0	0	60	0	12	0	0	0	0	0	0	0
Zotu151	0	0	0	0	0	41	0	0	0	0	0	0	0	0	0
Zotu139	0	0	0	0	0	52	0	0	0	0	0	0	0	0	0
Zotu212	0	0	0	0	0	33	0	2	0	0	0	0	0	0	0
Zotu129	0	0	0	0	0	57	0	0	0	0	0	0	0	0	0
Zotu255	0	0	0	0	0	14	0	0	0	0	0	0	0	0	0
Zotu235	0	0	0	0	0	15	0	0	0	0	0	0	0	0	0
Zotu226	0	0	0	0	0	33	0	0	0	0	0	0	0	0	0
Zotu180	0	0	0	0	0	30	2	2	0	0	0	0	0	0	0
Zotu114	0	0	0	0	0	0	54	0	0	0	0	0	0	0	0
Zotu143	0	0	0	0	0	0	49	0	0	0	0	0	0	0	0
Zotu105	0	0	0	0	0	0	59	0	0	0	0	0	0	0	0
Zotu95	0	0	0	0	0	0	86	0	0	0	0	0	0	0	0
Zotu148	0	0	0	0	0	0	33	0	0	0	0	0	0	0	0
Zotu161	0	0	0	0	0	0	28	0	0	0	0	0	0	0	0
Zotu112	0	0	0	0	0	0	64	0	0	0	0	0	0	0	0
Zotu218	0	0	0	0	0	0	18	0	0	0	0	0	0	0	0
Zotu123	0	0	0	0	0	0	43	0	0	0	0	0	0	0	0
Zotu158	0	0	0	0	0	0	38	0	0	0	0	0	0	0	0
Zotu98	0	0	0	0	0	0	63	0	0	0	0	0	0	0	0
Zotu176	0	0	0	0	0	0	26	0	0	0	0	0	0	0	0
Zotu162	0	0	0	0	0	0	28	0	0	0	0	0	0	0	0
Zotu124	0	0	0	0	0	0	58	0	0	0	0	0	0	0	0
Zotu172	0	0	0	0	0	0	24	0	0	0	0	0	0	0	0
Zotu222	0	0	0	0	0	0	0	44	0	0	0	0	0	0	0
Zotu188	0	0	0	0	0	0	0	49	0	0	0	0	0	0	0
Zotu214	0	0	0	0	0	0	0	30	0	0	0	0	0	0	0
Zotu228	0	0	0	0	0	0	0	29	0	0	0	0	0	0	0
Zotu185	0	0	0	0	0	0	0	31	0	0	0	0	0	0	0
