#OTU ID	SRR2533897	SRR2533904	SRR2533911	SRR2533949	SRR2533979	SRR2534013	SRR2534037	SRR2534057
ASV_1	429590	    74	    79	256911	     0	     0	     0	    80
ASV_2	     0	342506	   364	   256	     0	    53	     0	   183
ASV_3	   110	   113	 74241	159698	   218	  6307	    11	 22003
ASV_4	    76	   196	203595	   217	    34	   101	 31297	    37
ASV_5	     0	     0	122323	   168	     0	     0	     0	     0
ASV_6	72619	    0	    0	    0	    0	    0	    0	    0
ASV_7	17182	    0	    0	    0	   43	23628	    0	    0
ASV_8	   0	   0	   0	   0	   0	   0	   0	8144
ASV_9	   0	  63	   0	   6	7895	   0	   0	   0
ASV_10	   0	 557	   0	   0	5690	   0	   0	   0
ASV_11	   2	  14	   0	   0	   0	   0	   0	4292
ASV_12	   0	   0	   0	   0	   0	   0	   0	3847
ASV_13	   0	   0	   0	   0	   0	   0	   0	3808
ASV_14	   0	   0	  11	1461	   0	   0	   0	2234
ASV_15	   0	  53	  15	   0	3608	   0	   0	   0
ASV_16	   7	  11	   0	2357	   0	   0	1252	   0
ASV_17	   0	   0	   0	   0	2554	   0	   0	   0
ASV_18	2008	   0	   0	   0	  40	   0	   0	   0
ASV_19	   0	   0	   0	1969	   0	   0	   0	   0
ASV_20	   0	   0	   0	 101	   0	   0	1717	   0
ASV_21	   0	   0	   0	   0	   0	   0	1676	   0
ASV_22	   0	1557	   2	   0	   0	   0	   0	   0
ASV_23	   0	   0	1457	   0	   0	   0	   0	   0
ASV_24	   0	   0	   0	   0	   0	   0	   0	1295
ASV_25	   0	   0	1210	   0	   0	   0	   0	   0
ASV_26	   0	   0	   0	1197	   0	   0	   0	   0
ASV_27	   0	   0	   0	   0	   0	1184	   0	   0
ASV_28	   0	   0	   0	   0	   0	   0	1184	   0
ASV_29	  0	  0	  0	352	763	  0	  0	 36
ASV_30	  0	  0	465	639	  0	  0	  0	  0
ASV_31	615	  0	  0	488	  0	  0	  0	  0
ASV_32	  0	  0	349	679	  0	  0	  0	  0
ASV_33	630	  0	  0	363	  0	  0	  0	  0
ASV_34	595	  0	  0	343	  0	  0	  0	  0
ASV_35	  0	  0	  0	  0	870	  0	  5	  0
ASV_36	  0	  0	  0	819	  0	  0	  0	  0
ASV_37	  0	772	  6	 12	  0	  0	  0	  0
ASV_38	  0	676	  0	  0	  0	  0	  0	  0
ASV_39	663	  0	  0	  0	  0	  0	  0	  0
ASV_40	  0	  0	  0	657	  0	  0	  0	  0
ASV_41	644	  0	  0	  0	  0	  0	  0	  0
ASV_42	  0	  0	  0	617	  0	  0	  0	  0
ASV_43	  0	  0	581	  0	  0	  0	  0	  0
ASV_44	  0	568	  0	  0	  0	  0	  0	  0
ASV_45	  0	566	  0	  0	  0	  0	  0	  0
ASV_46	  0	556	  0	  0	  0	  0	  0	  0
ASV_47	  0	  0	  0	  0	543	  0	  0	  0
ASV_48	  0	  0	  0	542	  0	  0	  0	  0
ASV_49	  2	 11	  0	360	  0	  0	 63	 99
ASV_50	  0	  0	529	  0	  0	  0	  0	  0
ASV_51	  0	528	  0	  0	  0	  0	  0	  0
ASV_52	  0	517	  0	  0	  0	  0	  0	  0
ASV_53	  0	485	  0	  0	  0	  0	  0	  0
ASV_54	  0	482	  0	  0	  0	  0	  0	  0
ASV_55	  0	  0	  0	473	  0	  0	  0	  0
ASV_56	466	  0	  0	  0	  0	  0	  0	  0
ASV_57	  0	  0	445	  0	  0	  0	  0	  0
ASV_58	433	  0	  0	  0	  0	  0	  0	  0
ASV_59	  0	  0	  0	  0	425	  0	  0	  0
ASV_60	  0	  0	  0	274	  0	  0	  0	150
ASV_61	  0	421	  0	  0	  0	  0	  0	  0
ASV_62	  0	  0	  0	 62	  0	  0	  0	357
ASV_63	  0	412	  0	  0	  0	  0	  0	  0
ASV_64	  0	  0	  0	203	  0	  0	 60	134
ASV_65	  0	  0	  0	396	  0	  0	  0	  0
ASV_66	  0	  0	388	  0	  0	  0	  0	  0
ASV_67	  0	  0	  0	 13	  0	  0	  0	374
ASV_68	  0	384	  0	  0	  0	  0	  0	  0
ASV_69	228	 22	 90	 39	  0	  0	  0	  0
ASV_70	362	  0	  0	  0	  0	  0	  0	  0
ASV_71	361	  0	  0	  0	  0	  0	  0	  0
ASV_72	  0	  0	  0	358	  0	  0	  0	  0
ASV_73	  0	  0	  0	352	  0	  0	  0	  0
ASV_74	  0	  0	  0	217	125	  0	  0	  0
ASV_75	  0	  0	  0	  0	  0	  0	336	  0
ASV_76	  4	  0	  0	  0	315	  0	  0	  0
ASV_77	  0	  0	  0	  0	  0	  0	190	116
ASV_78	  0	  0	  0	218	  0	  0	 82	  0
ASV_79	291	  0	  0	  0	  0	  0	  0	  0
ASV_80	  0	291	  0	  0	  0	  0	  0	  0
ASV_81	 24	  0	  0	263	  0	  0	  0	  0
ASV_82	  0	  0	  3	282	  0	  0	  0	  0
ASV_83	  0	275	  0	  0	  0	  0	  0	  0
ASV_84	  0	  0	  0	 20	  0	  0	255	  0
ASV_85	  0	  0	  0	265	  0	  0	  0	  0
ASV_86	  0	  0	  0	255	  0	  0	  0	  0
ASV_87	  0	  0	  0	153	  0	 27	 11	 51
ASV_88	  0	  0	  0	242	  0	  0	  0	  0
ASV_89	  0	232	  0	  0	  0	  0	  0	  0
ASV_90	  0	  0	  0	222	  0	  0	  0	  0
ASV_91	  0	  0	  0	219	  0	  0	  0	  0
ASV_92	  0	  0	211	  0	  0	  0	  0	  0
ASV_93	  0	206	  0	  0	  3	  0	  0	  0
ASV_94	  0	  0	  0	201	  0	  0	  0	  0
ASV_95	  0	193	  0	  0	  0	  0	  0	  0
ASV_96	  0	187	  0	  0	  0	  0	  0	  0
ASV_97	  0	187	  0	  0	  0	  0	  0	  0
ASV_98	  0	186	  0	  0	  0	  0	  0	  0
ASV_99	  0	185	  0	  0	  0	  0	  0	  0
ASV_100	  0	185	  0	  0	  0	  0	  0	  0
ASV_101	  0	  0	  0	  0	184	  0	  0	  0
ASV_102	  0	182	  0	  0	  0	  0	  0	  0
ASV_103	181	  0	  0	  0	  0	  0	  0	  0
ASV_104	  0	176	  0	  0	  0	  0	  0	  0
ASV_105	  0	175	  0	  0	  0	  0	  0	  0
ASV_106	168	  0	  0	  0	  0	  0	  0	  0
ASV_107	  0	  0	  0	  0	  0	  0	  0	167
ASV_108	  0	  0	  0	  0	  0	  0	  0	165
ASV_109	  0	163	  0	  0	  0	  0	  0	  0
ASV_110	  0	161	  0	  0	  0	  0	  0	  0
ASV_111	  0	156	  0	  0	  0	  0	  0	  0
ASV_112	  0	149	  0	  0	  0	  0	  0	  0
ASV_113	  0	  0	  0	140	  0	  0	  0	  0
ASV_114	  0	136	  0	  0	  0	  0	  0	  0
ASV_115	  0	  0	135	  0	  0	  0	  0	  0
ASV_116	  0	134	  0	  0	  0	  0	  0	  0
ASV_117	  0	134	  0	  0	  0	  0	  0	  0
ASV_118	  0	132	  0	  0	  0	  0	  0	  0
ASV_119	  0	130	  0	  0	  0	  0	  0	  0
ASV_120	  0	130	  0	  0	  0	  0	  0	  0
ASV_121	  0	129	  0	  0	  0	  0	  0	  0
ASV_122	  0	  0	  0	  0	127	  0	  0	  0
ASV_123	  0	122	  0	  0	  0	  0	  0	  0
ASV_124	  0	122	  0	  0	  0	  0	  0	  0
ASV_125	  0	  0	  0	122	  0	  0	  0	  0
ASV_126	  0	115	  0	  0	  0	  0	  0	  0
ASV_127	  0	115	  0	  0	  0	  0	  0	  0
ASV_128	  0	114	  0	  0	  0	  0	  0	  0
ASV_129	  0	114	  0	  0	  0	  0	  0	  0
ASV_130	  0	113	  0	  0	  0	  0	  0	  0
ASV_131	  0	  0	  0	112	  0	  0	  0	  0
ASV_132	  0	111	  0	  0	  0	  0	  0	  0
ASV_133	  0	109	  0	  0	  0	  0	  0	  0
ASV_134	  0	109	  0	  0	  0	  0	  0	  0
ASV_135	  0	108	  0	  0	  0	  0	  0	  0
ASV_136	  0	107	  0	  0	  0	  0	  0	  0
ASV_137	  0	105	  0	  0	  0	  0	  0	  0
ASV_138	  0	  0	  0	  0	  0	  0	  0	103
ASV_139	  0	102	  0	  0	  0	  0	  0	  0
ASV_140	 0	 0	 0	 0	99	 0	 0	 0
ASV_141	 0	 0	 0	98	 0	 0	 0	 0
ASV_142	 0	97	 0	 0	 0	 0	 0	 0
ASV_143	 0	 0	 0	 0	97	 0	 0	 0
ASV_144	 0	96	 0	 0	 0	 0	 0	 0
ASV_145	 0	 0	48	47	 0	 0	 0	 0
ASV_146	 0	94	 0	 0	 0	 0	 0	 0
ASV_147	 0	 0	 0	94	 0	 0	 0	 0
ASV_148	 0	 0	 0	94	 0	 0	 0	 0
ASV_149	 0	 0	 0	90	 0	 0	 0	 0
ASV_150	 0	 0	 0	90	 0	 0	 0	 0
ASV_151	 0	 0	 0	14	 0	61	15	 0
ASV_152	 0	88	 0	 0	 0	 0	 0	 0
ASV_153	 0	 0	 0	88	 0	 0	 0	 0
ASV_154	 0	87	 0	 0	 0	 0	 0	 0
ASV_155	 0	86	 0	 0	 0	 0	 0	 0
ASV_156	 0	86	 0	 0	 0	 0	 0	 0
ASV_157	 0	85	 0	 0	 0	 0	 0	 0
ASV_158	 0	 0	 0	 0	85	 0	 0	 0
ASV_159	 0	84	 0	 0	 0	 0	 0	 0
ASV_160	 0	 0	 0	 0	 0	 0	 0	84
ASV_161	 0	83	 0	 0	 0	 0	 0	 0
ASV_162	 0	 0	 0	 0	 0	 0	 0	83
ASV_163	 0	81	 0	 0	 0	 0	 0	 0
ASV_164	 0	81	 0	 0	 0	 0	 0	 0
ASV_165	 0	 0	 0	59	 0	 0	21	 0
ASV_166	 0	78	 0	 0	 0	 0	 0	 0
ASV_167	 0	78	 0	 0	 0	 0	 0	 0
ASV_168	 0	76	 0	 0	 0	 0	 0	 0
ASV_169	 0	76	 0	 0	 0	 0	 0	 0
ASV_170	 0	75	 0	 0	 0	 0	 0	 0
ASV_171	 0	74	 0	 0	 0	 0	 0	 0
ASV_172	 0	74	 0	 0	 0	 0	 0	 0
ASV_173	 0	73	 0	 0	 0	 0	 0	 0
ASV_174	 0	73	 0	 0	 0	 0	 0	 0
ASV_175	 0	73	 0	 0	 0	 0	 0	 0
ASV_176	 0	72	 0	 0	 0	 0	 0	 0
ASV_177	 0	71	 0	 0	 0	 0	 0	 0
ASV_178	 0	71	 0	 0	 0	 0	 0	 0
ASV_179	 0	71	 0	 0	 0	 0	 0	 0
ASV_180	 0	70	 0	 0	 0	 0	 0	 0
ASV_181	 0	70	 0	 0	 0	 0	 0	 0
ASV_182	 0	69	 0	 0	 0	 0	 0	 0
ASV_183	 0	69	 0	 0	 0	 0	 0	 0
ASV_184	 0	69	 0	 0	 0	 0	 0	 0
ASV_185	 0	68	 0	 0	 0	 0	 0	 0
ASV_186	 0	67	 0	 0	 0	 0	 0	 0
ASV_187	 0	67	 0	 0	 0	 0	 0	 0
ASV_188	 0	67	 0	 0	 0	 0	 0	 0
ASV_189	 0	 0	 0	 0	 0	 0	 0	67
ASV_190	 0	66	 0	 0	 0	 0	 0	 0
ASV_191	 0	66	 0	 0	 0	 0	 0	 0
ASV_192	 0	66	 0	 0	 0	 0	 0	 0
ASV_193	 0	 0	 0	 0	 0	 0	 0	65
ASV_194	 0	 0	 0	 0	 0	 0	 0	65
ASV_195	 0	64	 0	 0	 0	 0	 0	 0
ASV_196	 0	64	 0	 0	 0	 0	 0	 0
ASV_197	 0	64	 0	 0	 0	 0	 0	 0
ASV_198	 0	64	 0	 0	 0	 0	 0	 0
ASV_199	 0	 0	 0	64	 0	 0	 0	 0
ASV_200	 0	63	 0	 0	 0	 0	 0	 0
ASV_201	 0	 8	 0	54	 0	 0	 0	 0
ASV_202	 0	61	 0	 0	 0	 0	 0	 0
ASV_203	 0	61	 0	 0	 0	 0	 0	 0
ASV_204	 0	60	 0	 0	 0	 0	 0	 0
ASV_205	 0	60	 0	 0	 0	 0	 0	 0
ASV_206	 0	60	 0	 0	 0	 0	 0	 0
ASV_207	 0	59	 0	 0	 0	 0	 0	 0
ASV_208	 0	59	 0	 0	 0	 0	 0	 0
ASV_209	 0	59	 0	 0	 0	 0	 0	 0
ASV_210	 0	58	 0	 0	 0	 0	 0	 0
ASV_211	 0	58	 0	 0	 0	 0	 0	 0
ASV_212	 0	57	 0	 0	 0	 0	 0	 0
ASV_213	 0	56	 0	 0	 0	 0	 0	 0
ASV_214	 0	56	 0	 0	 0	 0	 0	 0
ASV_215	 0	56	 0	 0	 0	 0	 0	 0
ASV_216	 0	 0	 0	 0	55	 0	 0	 0
ASV_217	 0	54	 0	 0	 0	 0	 0	 0
ASV_218	 0	54	 0	 0	 0	 0	 0	 0
ASV_219	 0	54	 0	 0	 0	 0	 0	 0
ASV_220	 0	54	 0	 0	 0	 0	 0	 0
ASV_221	 0	53	 0	 0	 0	 0	 0	 0
ASV_222	 0	53	 0	 0	 0	 0	 0	 0
ASV_223	 0	51	 0	 0	 0	 0	 0	 0
ASV_224	 0	50	 0	 0	 0	 0	 0	 0
ASV_225	 0	50	 0	 0	 0	 0	 0	 0
ASV_226	 0	49	 0	 0	 0	 0	 0	 0
ASV_227	 0	49	 0	 0	 0	 0	 0	 0
ASV_228	 0	 0	 0	43	 0	 0	 6	 0
ASV_229	 0	48	 0	 0	 0	 0	 0	 0
ASV_230	 0	47	 0	 0	 0	 0	 0	 0
ASV_231	 0	47	 0	 0	 0	 0	 0	 0
ASV_232	 0	47	 0	 0	 0	 0	 0	 0
ASV_233	 0	47	 0	 0	 0	 0	 0	 0
ASV_234	 0	47	 0	 0	 0	 0	 0	 0
ASV_235	 0	47	 0	 0	 0	 0	 0	 0
ASV_236	 0	47	 0	 0	 0	 0	 0	 0
ASV_237	 0	 0	 0	 0	 0	46	 0	 0
ASV_238	 0	45	 0	 0	 0	 0	 0	 0
ASV_239	 0	45	 0	 0	 0	 0	 0	 0
ASV_240	 0	 0	 0	45	 0	 0	 0	 0
ASV_241	 0	44	 0	 0	 0	 0	 0	 0
ASV_242	 0	 0	 0	 0	 0	 0	44	 0
ASV_243	 0	43	 0	 0	 0	 0	 0	 0
ASV_244	 0	43	 0	 0	 0	 0	 0	 0
ASV_245	 0	43	 0	 0	 0	 0	 0	 0
ASV_246	 0	 0	43	 0	 0	 0	 0	 0
ASV_247	 0	 0	 0	43	 0	 0	 0	 0
ASV_248	 0	 0	 0	43	 0	 0	 0	 0
ASV_249	 0	 0	 0	43	 0	 0	 0	 0
ASV_250	 0	42	 0	 0	 0	 0	 0	 0
ASV_251	 0	42	 0	 0	 0	 0	 0	 0
ASV_252	 0	41	 0	 0	 0	 0	 0	 0
ASV_253	 0	41	 0	 0	 0	 0	 0	 0
ASV_254	 0	 0	 0	 0	 0	 0	 0	41
ASV_255	 0	40	 0	 0	 0	 0	 0	 0
ASV_256	 0	 0	 0	 0	39	 0	 0	 0
ASV_257	 0	38	 0	 0	 0	 0	 0	 0
ASV_258	 0	38	 0	 0	 0	 0	 0	 0
ASV_259	 0	38	 0	 0	 0	 0	 0	 0
ASV_260	 0	 0	 0	38	 0	 0	 0	 0
ASV_261	 0	 0	 0	33	 0	 0	 5	 0
ASV_262	 0	 0	 0	 0	 0	 0	38	 0
ASV_263	 0	 0	 0	 0	 0	 0	 0	38
ASV_264	 3	 0	 0	34	 0	 0	 0	 0
ASV_265	 0	37	 0	 0	 0	 0	 0	 0
ASV_266	 0	36	 0	 0	 0	 0	 0	 0
ASV_267	 0	36	 0	 0	 0	 0	 0	 0
ASV_268	 0	35	 0	 0	 0	 0	 0	 0
ASV_269	 0	35	 0	 0	 0	 0	 0	 0
ASV_270	 0	35	 0	 0	 0	 0	 0	 0
ASV_271	 0	34	 0	 0	 0	 0	 0	 0
ASV_272	 0	34	 0	 0	 0	 0	 0	 0
ASV_273	 0	 0	 0	 0	 0	 0	 0	34
ASV_274	 0	 0	 0	 0	 0	 0	 0	34
ASV_275	 0	33	 0	 0	 0	 0	 0	 0
ASV_276	 0	33	 0	 0	 0	 0	 0	 0
ASV_277	 0	33	 0	 0	 0	 0	 0	 0
ASV_278	 0	33	 0	 0	 0	 0	 0	 0
ASV_279	 0	 0	 0	33	 0	 0	 0	 0
ASV_280	 0	 0	 0	 0	 0	33	 0	 0
ASV_281	 0	 0	 0	 0	 0	 0	33	 0
ASV_282	 0	32	 0	 0	 0	 0	 0	 0
ASV_283	 0	32	 0	 0	 0	 0	 0	 0
ASV_284	 0	32	 0	 0	 0	 0	 0	 0
ASV_285	 0	32	 0	 0	 0	 0	 0	 0
ASV_286	 0	 0	 0	 0	32	 0	 0	 0
ASV_287	 0	31	 0	 0	 0	 0	 0	 0
ASV_288	 0	31	 0	 0	 0	 0	 0	 0
ASV_289	 0	30	 0	 0	 0	 0	 0	 0
ASV_290	 0	30	 0	 0	 0	 0	 0	 0
ASV_291	 0	30	 0	 0	 0	 0	 0	 0
ASV_292	 0	 0	 0	22	 0	 0	 8	 0
ASV_293	 0	29	 0	 0	 0	 0	 0	 0
ASV_294	 0	 0	 0	29	 0	 0	 0	 0
ASV_295	 0	28	 0	 0	 0	 0	 0	 0
ASV_296	 0	28	 0	 0	 0	 0	 0	 0
ASV_297	 0	27	 0	 0	 0	 0	 0	 0
ASV_298	 0	26	 0	 0	 0	 0	 0	 0
ASV_299	 0	26	 0	 0	 0	 0	 0	 0
ASV_300	 0	26	 0	 0	 0	 0	 0	 0
ASV_301	25	 0	 0	 0	 0	 0	 0	 0
ASV_302	 0	25	 0	 0	 0	 0	 0	 0
ASV_303	 0	25	 0	 0	 0	 0	 0	 0
ASV_304	24	 0	 0	 0	 0	 0	 0	 0
ASV_305	 0	24	 0	 0	 0	 0	 0	 0
ASV_306	 0	24	 0	 0	 0	 0	 0	 0
ASV_307	 0	24	 0	 0	 0	 0	 0	 0
ASV_308	 0	 0	 0	 0	 0	 0	24	 0
ASV_309	 0	 0	 0	23	 0	 0	 0	 0
ASV_310	 0	22	 0	 0	 0	 0	 0	 0
ASV_311	 0	 0	 0	22	 0	 0	 0	 0
ASV_312	 0	 0	 0	22	 0	 0	 0	 0
ASV_313	 0	21	 0	 0	 0	 0	 0	 0
ASV_314	 0	20	 0	 0	 0	 0	 0	 0
ASV_315	 0	20	 0	 0	 0	 0	 0	 0
ASV_316	 0	19	 0	 0	 0	 0	 0	 0
ASV_317	 0	 0	19	 0	 0	 0	 0	 0
ASV_318	 0	 0	 0	19	 0	 0	 0	 0
ASV_319	 0	 0	 0	19	 0	 0	 0	 0
ASV_320	 0	18	 0	 0	 0	 0	 0	 0
ASV_321	 0	18	 0	 0	 0	 0	 0	 0
ASV_322	 0	18	 0	 0	 0	 0	 0	 0
ASV_323	 0	 0	 0	 0	 0	 0	18	 0
ASV_324	 0	 0	 0	 0	 0	 0	18	 0
ASV_325	 0	17	 0	 0	 0	 0	 0	 0
ASV_326	 0	17	 0	 0	 0	 0	 0	 0
ASV_327	 0	 0	 0	17	 0	 0	 0	 0
ASV_328	 0	16	 0	 0	 0	 0	 0	 0
ASV_329	 0	 0	 0	16	 0	 0	 0	 0
ASV_330	 0	 0	 0	16	 0	 0	 0	 0
ASV_331	 0	 0	 0	16	 0	 0	 0	 0
ASV_332	 0	15	 0	 0	 0	 0	 0	 0
ASV_333	 0	15	 0	 0	 0	 0	 0	 0
ASV_334	14	 0	 0	 0	 0	 0	 0	 0
ASV_335	 0	14	 0	 0	 0	 0	 0	 0
ASV_336	 0	13	 0	 0	 0	 0	 0	 0
ASV_337	 0	13	 0	 0	 0	 0	 0	 0
ASV_338	 0	13	 0	 0	 0	 0	 0	 0
ASV_339	 0	13	 0	 0	 0	 0	 0	 0
ASV_340	 0	13	 0	 0	 0	 0	 0	 0
ASV_341	 0	 0	 0	13	 0	 0	 0	 0
ASV_342	 0	 0	 0	13	 0	 0	 0	 0
ASV_343	 0	 0	 0	 0	13	 0	 0	 0
ASV_344	 0	 0	 0	 0	 0	 0	13	 0
ASV_345	 0	12	 0	 0	 0	 0	 0	 0
ASV_346	 0	12	 0	 0	 0	 0	 0	 0
ASV_347	 0	 0	 0	12	 0	 0	 0	 0
ASV_348	 0	 0	 0	12	 0	 0	 0	 0
ASV_349	 0	 0	 0	 0	12	 0	 0	 0
ASV_350	 0	 0	 0	 0	12	 0	 0	 0
ASV_351	 0	 0	 0	 0	 0	12	 0	 0
ASV_352	 0	 0	 0	 0	 0	 0	 0	12
ASV_353	 0	 0	 0	 0	 0	 0	 0	12
ASV_354	 0	 0	 0	11	 0	 0	 0	 0
ASV_355	0	0	0	7	0	0	0	4
ASV_356	 0	 0	 0	11	 0	 0	 0	 0
ASV_357	 0	 0	 0	11	 0	 0	 0	 0
ASV_358	 0	10	 0	 0	 0	 0	 0	 0
ASV_359	 0	10	 0	 0	 0	 0	 0	 0
ASV_360	 0	10	 0	 0	 0	 0	 0	 0
ASV_361	 0	 0	 0	 0	 0	10	 0	 0
ASV_362	0	9	0	0	0	0	0	0
ASV_363	0	9	0	0	0	0	0	0
ASV_364	0	0	0	9	0	0	0	0
ASV_365	0	0	0	0	0	5	0	4
ASV_366	0	0	0	0	0	0	9	0
ASV_367	0	0	0	0	0	0	0	9
ASV_368	0	8	0	0	0	0	0	0
ASV_369	0	8	0	0	0	0	0	0
ASV_370	0	8	0	0	0	0	0	0
ASV_371	0	0	8	0	0	0	0	0
ASV_372	0	0	0	8	0	0	0	0
ASV_373	0	7	0	0	0	0	0	0
ASV_374	0	7	0	0	0	0	0	0
ASV_375	0	7	0	0	0	0	0	0
ASV_376	0	0	0	7	0	0	0	0
ASV_377	0	0	0	0	7	0	0	0
ASV_378	0	0	0	0	0	0	7	0
ASV_379	6	0	0	0	0	0	0	0
ASV_380	6	0	0	0	0	0	0	0
ASV_381	0	6	0	0	0	0	0	0
ASV_382	0	6	0	0	0	0	0	0
ASV_383	0	0	0	0	6	0	0	0
ASV_384	0	0	0	0	6	0	0	0
ASV_385	0	0	0	0	0	0	6	0
ASV_386	5	0	0	0	0	0	0	0
ASV_387	0	5	0	0	0	0	0	0
ASV_388	0	5	0	0	0	0	0	0
ASV_389	0	0	5	0	0	0	0	0
ASV_390	0	0	0	0	0	0	5	0
ASV_391	0	0	0	0	0	0	0	5
ASV_392	0	4	0	0	0	0	0	0
ASV_393	0	0	4	0	0	0	0	0
ASV_394	0	0	4	0	0	0	0	0
ASV_395	0	0	0	4	0	0	0	0
ASV_396	0	0	0	4	0	0	0	0
ASV_397	3	0	0	0	0	0	0	0
ASV_398	0	0	3	0	0	0	0	0
ASV_399	0	0	0	3	0	0	0	0
ASV_400	0	0	0	3	0	0	0	0
