#OTU ID	SRR2533834	SRR2533846	SRR2533860	SRR2533873	SRR2533882	SRR2533888	SRR2533894	SRR2533897	SRR2533904	SRR2533911	SRR2533919	SRR2533933	SRR2533949	SRR2533965	SRR2533972
Zotu8	9544	794	14844	0	35	0	0	0	0	0	0	0	0	0	0
Zotu66	1117	0	0	0	0	0	0	0	0	0	0	0	0	0	0
Zotu14	9176	134	6	0	0	0	0	0	0	0	0	0	0	0	0
Zotu10	6661	1866	10529	0	89	0	0	0	0	0	0	0	0	0	0
Zotu20	6312	306	6	0	0	0	0	0	0	0	0	0	0	0	0
Zotu44	2485	155	0	0	0	0	0	0	0	0	0	0	0	0	0
Zotu21	2545	897	4163	0	60	0	0	0	0	0	0	0	0	0	0
Zotu35	2885	0	0	0	2	0	0	0	0	0	0	0	0	0	0
Zotu60	1233	0	0	0	0	0	0	0	0	0	0	0	0	0	0
Zotu189	257	0	0	0	0	0	0	0	0	0	0	0	0	0	0
Zotu358	149	0	0	0	0	0	0	0	0	0	0	0	0	0	0
Zotu59	1067	0	0	0	0	0	0	0	0	0	0	0	0	0	0
Zotu41	2244	0	0	0	1	0	0	0	0	0	0	0	0	0	0
Zotu252	89	0	0	0	0	0	0	0	0	0	0	0	0	0	0
Zotu410	45	0	0	0	0	0	0	0	0	0	0	0	0	0	0
Zotu98	443	0	0	0	0	0	0	0	0	0	0	0	0	0	0
Zotu158	176	0	0	0	1	0	0	0	0	0	0	0	0	0	0
Zotu390	32	0	0	0	0	0	0	0	0	0	0	0	0	0	0
Zotu137	298	0	0	0	0	0	0	0	0	0	0	0	0	0	0
Zotu68	844	0	0	0	0	0	0	0	0	0	0	0	0	0	0
Zotu350	97	0	0	0	0	0	0	0	0	0	0	0	0	0	0
Zotu296	91	0	0	0	0	0	0	0	0	0	0	0	0	0	0
Zotu411	38	0	0	0	0	0	0	0	0	0	0	0	0	0	0
Zotu321	59	0	0	0	0	0	0	0	0	0	0	0	0	0	0
Zotu419	31	0	0	0	0	0	0	0	0	0	0	0	0	0	0
Zotu322	56	0	0	0	0	0	0	0	0	0	0	0	0	0	0
Zotu25	2	0	5547	0	27	0	0	0	0	0	0	0	0	0	0
Zotu376	68	0	0	0	0	0	0	0	0	0	0	0	0	0	0
Zotu16	11	2	7113	0	40	0	0	0	0	0	0	0	0	0	0
Zotu385	73	0	0	0	0	0	0	0	0	0	0	0	0	0	0
Zotu416	31	0	0	0	0	0	0	0	0	0	0	0	0	0	0
Zotu131	3	1006	45	0	0	0	0	0	0	0	0	0	0	0	0
Zotu340	67	0	0	0	0	0	0	0	0	0	0	0	0	0	0
Zotu366	30	0	0	0	0	0	0	0	0	0	0	0	0	0	0
Zotu432	49	0	0	0	0	0	0	0	0	0	0	0	0	0	0
Zotu37	5	0	3080	0	34	0	0	0	0	0	0	0	0	0	0
Zotu359	35	0	0	0	0	0	0	0	0	0	0	0	0	0	0
Zotu15	13	1	8576	0	14	0	0	0	0	0	0	0	0	0	0
Zotu33	3	0	3968	0	41	0	0	0	0	0	0	0	0	0	0
Zotu216	1	2	0	0	67	0	0	0	0	0	0	0	0	0	0
Zotu464	1	40	2	0	0	0	0	0	0	0	0	0	0	0	0
Zotu404	0	21	0	0	0	0	0	0	0	0	0	0	0	0	0
Zotu456	0	10	0	0	0	0	0	0	0	0	0	0	0	0	0
Zotu449	0	11	4	0	0	0	0	0	0	0	0	0	0	0	0
Zotu57	0	0	1512	0	23	0	0	0	0	0	0	0	0	0	0
Zotu18	0	0	0	4675	0	35	0	0	0	0	0	0	0	0	964
Zotu155	0	0	0	132	0	2	0	0	0	0	0	0	0	0	1
Zotu151	0	0	0	15	0	130	0	0	0	0	0	0	0	0	0
Zotu36	0	0	0	2786	0	0	0	0	0	0	0	0	0	0	0
Zotu11	0	0	0	13138	0	93	0	0	0	0	0	0	0	0	1
Zotu2	0	0	0	52458	0	1383	0	0	0	0	0	0	0	1	0
Zotu34	0	0	0	3532	0	96	0	0	0	0	0	0	0	0	0
Zotu1	0	0	0	8403	0	407	0	0	0	0	0	0	0	102469	22290
Zotu31	0	0	0	3482	0	96	0	0	0	0	0	0	0	0	0
Zotu114	0	0	0	197	0	60	0	0	0	0	0	0	0	1	0
Zotu101	0	0	0	165	0	175	0	0	0	0	0	0	0	0	0
Zotu84	0	0	0	558	0	29	0	0	0	0	0	0	0	0	0
Zotu27	0	0	0	3774	0	72	0	0	0	0	0	0	0	0	1484
Zotu70	0	0	0	935	0	10	0	0	0	0	0	0	0	0	0
Zotu22	0	0	0	5231	0	78	0	0	0	0	0	0	0	0	1
Zotu401	0	0	0	16	0	0	0	0	0	0	0	0	0	0	0
Zotu55	0	0	0	1224	0	44	0	0	0	0	0	0	0	0	0
Zotu5	0	0	0	2742	0	29	0	0	0	0	0	0	0	9	23651
Zotu79	0	0	0	319	0	252	0	0	0	0	0	0	0	0	0
Zotu81	0	0	0	200	0	0	0	0	0	0	0	0	0	0	1497
Zotu271	0	0	0	44	0	0	0	0	0	0	0	0	0	0	0
Zotu119	0	0	0	240	0	0	0	0	0	0	0	0	0	0	53
Zotu75	0	0	0	150	0	520	0	0	0	0	0	0	0	0	0
Zotu82	0	0	0	586	0	47	0	0	0	0	0	0	0	0	0
Zotu171	0	0	0	124	0	0	0	0	0	0	0	0	0	0	0
Zotu125	0	0	0	194	0	59	0	0	0	0	0	0	0	0	0
Zotu69	0	0	0	498	0	313	0	0	0	0	0	0	0	0	0
Zotu93	0	0	0	379	0	0	0	0	0	0	0	0	0	0	9
Zotu6	0	0	0	549	0	47	0	0	0	0	0	0	0	0	24987
Zotu198	0	0	0	88	0	0	0	0	0	0	0	0	0	1	0
Zotu64	0	0	0	907	0	5	0	0	0	0	0	0	0	0	176
Zotu89	0	0	0	431	0	20	0	0	0	0	0	0	0	0	0
Zotu45	0	0	0	217	0	0	0	0	0	0	0	0	0	0	1611
Zotu51	0	0	0	852	0	604	0	0	0	0	0	0	0	0	0
Zotu48	0	0	0	1651	0	0	0	0	0	0	0	0	0	0	0
Zotu103	0	0	0	290	0	31	0	0	0	0	0	0	0	0	0
Zotu78	0	0	0	110	0	0	0	0	0	0	0	0	0	6	573
Zotu47	0	0	0	1208	0	403	0	0	0	0	0	0	0	0	0
Zotu174	0	0	0	126	0	0	0	0	0	0	0	0	0	0	0
Zotu468	0	0	0	11	0	0	0	0	0	0	0	0	0	0	0
Zotu12	0	0	0	18	0	0	0	0	0	0	0	0	0	0	11133
Zotu4	0	0	0	217	0	0	0	0	0	0	0	0	0	0	37451
Zotu199	0	0	0	83	0	0	0	0	0	0	0	0	0	0	0
Zotu104	0	0	0	196	0	98	0	0	0	0	0	0	0	0	0
Zotu283	0	0	0	40	0	0	0	0	0	0	0	0	0	0	0
Zotu247	0	0	0	48	0	9	0	0	0	0	0	0	0	0	0
Zotu280	0	0	0	39	0	0	0	0	0	0	0	0	0	0	0
Zotu90	0	0	0	392	0	0	0	0	0	0	0	0	0	0	0
Zotu261	0	0	0	53	0	0	0	0	0	0	0	0	0	0	0
Zotu118	0	0	0	53	0	183	0	0	0	0	0	0	0	0	0
Zotu289	0	0	0	37	0	0	0	0	0	0	0	0	0	0	0
Zotu43	0	0	0	1011	0	737	0	0	0	0	0	0	0	0	33
Zotu122	0	0	0	228	0	0	0	0	0	0	0	0	0	0	0
Zotu162	0	0	0	119	0	2	0	0	0	0	0	0	0	0	0
Zotu145	0	0	0	144	0	0	0	0	0	0	0	0	0	0	0
Zotu161	0	0	0	137	0	0	0	0	0	0	0	0	0	0	0
Zotu167	0	0	0	135	0	0	0	0	0	0	0	0	0	0	0
Zotu177	0	0	0	114	0	0	0	0	0	0	0	0	0	0	0
Zotu190	0	0	0	103	0	0	0	0	0	0	0	0	0	0	0
Zotu94	0	0	0	92	0	252	0	0	0	0	0	0	0	0	0
Zotu166	0	0	0	129	0	0	0	0	0	0	0	0	0	0	0
Zotu95	0	0	0	325	0	17	0	0	0	0	0	0	0	0	0
Zotu194	0	0	0	86	0	0	0	0	0	0	0	0	0	0	0
Zotu172	0	0	0	140	0	0	0	0	0	0	0	0	0	0	0
Zotu361	0	0	0	25	0	0	0	0	0	0	0	0	0	0	0
Zotu134	0	0	0	27	0	147	0	0	0	0	0	0	0	0	0
Zotu383	0	0	0	19	0	0	0	0	0	0	0	0	0	0	0
Zotu245	0	0	0	59	0	0	0	0	0	0	0	0	0	0	0
Zotu157	0	0	0	135	0	0	0	0	0	0	0	0	0	0	0
Zotu92	0	0	0	239	0	122	0	0	0	0	0	0	0	0	0
Zotu126	0	0	0	134	0	46	0	0	0	0	0	0	0	0	1
Zotu160	0	0	0	123	0	0	0	0	0	0	0	0	0	6	0
Zotu97	0	0	0	159	0	154	0	0	0	0	0	0	0	0	0
Zotu140	0	0	0	35	0	140	0	0	0	0	0	0	0	0	0
Zotu319	0	0	0	62	0	0	0	0	0	0	0	0	0	0	0
Zotu210	0	0	0	99	0	0	0	0	0	0	0	0	0	0	0
Zotu310	0	0	0	35	0	0	0	0	0	0	0	0	0	0	0
Zotu170	0	0	0	65	0	0	0	0	0	0	0	0	0	0	82
Zotu175	0	0	0	120	0	0	0	0	0	0	0	0	0	0	0
Zotu279	0	0	0	37	0	0	0	0	0	0	0	0	0	0	0
Zotu149	0	0	0	24	0	166	0	0	0	0	0	0	0	0	0
Zotu212	0	0	0	76	0	0	0	0	0	0	0	0	0	0	0
Zotu248	0	0	0	58	0	0	0	0	0	0	0	0	0	0	0
Zotu253	0	0	0	48	0	0	0	0	0	0	0	0	0	0	0
Zotu107	0	0	0	105	0	177	0	0	0	0	0	0	0	0	0
Zotu30	0	0	0	62	0	3935	0	0	0	0	0	0	0	88	8
Zotu234	0	0	0	63	0	0	0	0	0	0	0	0	0	0	0
Zotu164	0	0	0	132	0	0	0	0	0	0	0	0	0	0	0
Zotu226	0	0	0	72	0	0	0	0	0	0	0	0	0	0	0
Zotu428	0	0	0	12	0	0	0	0	0	0	0	0	0	0	0
Zotu367	0	0	0	26	0	0	0	0	0	0	0	0	0	0	0
Zotu197	0	0	0	91	0	1	0	0	0	0	0	0	0	3	0
Zotu180	0	0	0	36	0	66	0	0	0	0	0	0	0	0	0
Zotu267	0	0	0	51	0	0	0	0	0	0	0	0	0	0	0
Zotu239	0	0	0	22	0	32	0	0	0	0	0	0	0	0	0
Zotu323	0	0	0	29	0	0	0	0	0	0	0	0	0	0	0
Zotu3	0	0	0	37	0	43631	0	0	0	0	0	0	0	22	0
Zotu173	0	0	0	17	0	102	0	0	0	0	0	0	0	0	0
Zotu223	0	0	0	55	0	0	0	0	0	0	0	0	0	0	1
Zotu342	0	0	0	32	0	0	0	0	0	0	0	0	0	0	0
Zotu203	0	0	0	26	0	60	0	0	0	0	0	0	0	0	0
Zotu266	0	0	0	47	0	0	0	0	0	0	0	0	0	0	0
Zotu353	0	0	0	23	0	0	0	0	0	0	0	0	0	0	6
Zotu192	0	0	0	102	0	2	0	0	0	0	0	0	0	3	0
Zotu127	0	0	0	67	0	114	0	0	0	0	0	0	0	0	0
Zotu427	0	0	0	39	0	0	0	0	0	0	0	0	0	0	0
Zotu230	0	0	0	62	0	1	0	0	0	0	0	0	0	0	0
Zotu265	0	0	0	27	0	18	0	0	0	0	0	0	0	0	0
Zotu298	0	0	0	43	0	18	0	0	0	0	0	0	0	0	0
Zotu258	0	0	0	56	0	0	0	0	0	0	0	0	0	0	0
Zotu436	0	0	0	20	0	0	0	0	0	0	0	0	0	0	2
Zotu17	0	0	0	2	0	6084	0	0	0	0	0	0	0	0	0
Zotu52	0	0	0	2	0	1344	0	0	0	0	0	0	0	55	19
Zotu334	0	0	0	39	0	0	0	0	0	0	0	0	0	0	0
Zotu208	0	0	0	42	0	43	0	0	0	0	0	0	0	0	0
Zotu32	0	0	0	2	0	3336	0	0	0	0	0	0	0	9	0
Zotu88	0	0	0	2	0	456	0	0	0	0	0	0	0	0	0
Zotu437	0	0	0	14	0	0	0	0	0	0	0	0	0	0	0
Zotu132	0	0	0	1	0	185	0	0	0	0	0	0	0	0	0
Zotu130	0	0	0	1	0	186	0	0	0	0	0	0	0	0	0
Zotu80	0	0	0	2	0	524	0	0	0	0	0	0	0	2	0
Zotu356	0	0	0	2	0	29	0	0	0	0	0	0	0	0	0
Zotu106	0	0	0	1	0	319	0	0	0	0	0	0	0	6	0
Zotu42	0	0	0	1	0	14	0	0	0	0	0	0	0	5	2192
Zotu61	0	0	0	1	0	987	0	0	0	0	0	0	0	7	2
Zotu38	0	0	0	1	0	2309	0	0	0	0	0	0	0	7	1
Zotu337	0	0	0	1	0	35	0	0	0	0	0	0	0	0	0
Zotu115	0	0	0	0	264	0	0	0	0	0	0	0	0	0	0
Zotu291	0	0	0	0	36	0	0	0	0	0	0	0	0	0	0
Zotu112	0	0	0	0	251	0	0	0	0	0	0	0	0	0	0
Zotu225	0	0	0	0	62	0	0	0	0	0	0	0	0	0	0
Zotu375	0	0	0	0	36	0	0	0	0	0	0	0	0	0	0
Zotu73	0	0	0	0	892	0	0	0	0	0	0	0	0	0	0
Zotu144	0	0	0	0	204	0	0	0	0	0	0	0	0	0	0
Zotu363	0	0	0	0	24	0	0	0	0	0	0	0	0	0	0
Zotu58	0	0	0	0	1350	0	0	0	0	0	0	0	0	0	0
Zotu141	0	0	0	0	194	0	0	0	0	0	0	0	0	0	0
Zotu196	0	0	0	0	95	0	0	0	0	0	0	0	0	0	0
Zotu108	0	0	0	0	272	0	0	0	0	0	0	0	0	0	0
Zotu138	0	0	0	0	166	0	0	0	0	0	0	0	0	0	0
Zotu220	0	0	0	0	79	0	0	0	0	0	0	0	0	0	0
Zotu128	0	0	0	0	196	0	0	0	0	0	0	0	0	0	0
Zotu370	0	0	0	0	32	0	0	0	0	0	0	0	0	0	0
Zotu179	0	0	0	0	92	0	0	0	0	0	0	0	0	0	0
Zotu275	0	0	0	0	44	0	0	0	0	0	0	0	0	0	0
Zotu191	0	0	0	0	91	0	0	0	0	0	0	0	0	0	0
Zotu123	0	0	0	0	239	0	0	0	0	0	0	0	0	0	0
Zotu156	0	0	0	0	178	0	0	0	0	0	0	0	0	0	0
Zotu229	0	0	0	0	92	0	0	0	0	0	0	0	0	0	0
Zotu184	0	0	0	0	94	0	0	0	0	0	0	0	0	0	0
Zotu344	0	0	0	0	40	0	0	0	0	0	0	0	0	0	0
Zotu243	0	0	0	0	56	0	0	0	0	0	0	0	0	0	0
Zotu237	0	0	0	0	71	0	0	0	0	0	0	0	0	0	0
Zotu185	0	0	0	0	89	0	0	0	0	0	0	0	0	0	0
Zotu224	0	0	0	0	79	0	0	0	0	0	0	0	0	0	0
Zotu232	0	0	0	0	55	0	0	0	0	0	0	0	0	0	0
Zotu343	0	0	0	0	79	0	0	0	0	0	0	0	0	0	0
Zotu205	0	0	0	0	91	0	0	0	0	0	0	0	0	0	0
Zotu153	0	0	0	0	159	0	0	0	0	0	0	0	0	0	0
Zotu257	0	0	0	0	51	0	0	0	0	0	0	0	0	0	0
Zotu178	0	0	0	0	118	0	0	0	0	0	0	0	0	0	0
Zotu384	0	0	0	0	21	0	0	0	0	0	0	0	0	0	0
Zotu233	0	0	0	0	62	0	0	0	0	0	0	0	0	0	0
Zotu414	0	0	0	0	17	0	0	0	0	0	0	0	0	0	0
Zotu380	0	0	0	0	23	0	0	0	0	0	0	0	0	0	0
Zotu215	0	0	0	0	65	0	0	0	0	0	0	0	0	0	0
Zotu303	0	0	0	0	35	0	0	0	0	0	0	0	0	0	0
Zotu240	0	0	0	0	59	0	0	0	0	0	0	0	0	0	0
Zotu462	0	0	0	0	17	0	0	0	0	0	0	0	0	0	0
Zotu438	0	0	0	0	15	0	0	0	0	0	0	0	0	0	0
Zotu452	0	0	0	0	17	0	0	0	0	0	0	0	0	0	0
Zotu397	0	0	0	0	46	0	0	0	0	0	0	0	0	0	0
Zotu460	0	0	0	0	10	0	0	0	0	0	0	0	0	0	0
Zotu364	0	0	0	0	53	0	0	0	0	0	0	0	0	0	0
Zotu459	0	0	0	0	10	0	0	0	0	0	0	0	0	0	0
Zotu302	0	0	0	0	39	0	0	0	0	0	0	0	0	0	0
Zotu387	0	0	0	0	24	0	0	0	0	0	0	0	0	0	0
Zotu309	0	0	0	0	31	0	0	0	0	0	0	0	0	0	0
Zotu472	0	0	0	0	22	0	0	0	0	0	0	0	0	0	0
Zotu346	0	0	0	0	26	0	0	0	0	0	0	0	0	0	0
Zotu395	0	0	0	0	17	0	0	0	0	0	0	0	0	0	0
Zotu355	0	0	0	0	38	0	0	0	0	0	0	0	0	0	0
Zotu372	0	0	0	0	28	0	0	0	0	0	0	0	0	0	0
Zotu441	0	0	0	0	12	0	0	0	0	0	0	0	0	0	0
Zotu406	0	0	0	0	17	0	0	0	0	0	0	0	0	0	0
Zotu330	0	0	0	0	27	0	0	0	0	0	0	0	0	0	0
Zotu470	0	0	0	0	8	0	0	0	0	0	0	0	0	0	0
Zotu433	0	0	0	0	12	0	0	0	0	0	0	0	0	0	0
Zotu448	0	0	0	0	15	0	0	0	0	0	0	0	0	0	0
Zotu425	0	0	0	0	14	0	0	0	0	0	0	0	0	0	0
Zotu13	0	0	0	0	0	10116	0	0	0	0	0	0	0	1	0
Zotu40	0	0	0	0	0	2313	0	0	0	0	0	0	0	0	0
Zotu9	0	0	0	0	0	16830	0	0	0	0	0	0	0	0	0
Zotu50	0	0	0	0	0	1622	0	0	0	0	0	0	0	0	0
Zotu105	0	0	0	0	0	318	0	0	0	0	0	0	0	0	0
Zotu7	0	0	0	0	0	20431	0	0	0	0	0	0	0	40	0
Zotu400	0	0	0	0	0	16	0	0	0	0	0	0	0	0	0
Zotu28	0	0	0	0	0	3828	0	0	0	0	0	0	0	0	0
Zotu74	0	0	0	0	0	666	0	0	0	0	0	0	0	0	0
Zotu46	0	0	0	0	0	1717	0	0	0	0	0	0	0	0	0
Zotu26	0	0	0	0	0	4237	0	0	0	0	0	0	0	6	1
Zotu109	0	0	0	0	0	335	0	0	0	0	0	0	0	0	0
Zotu29	0	0	0	0	0	3566	0	0	0	0	0	0	0	0	0
Zotu292	0	0	0	0	0	172	0	0	0	0	0	0	0	0	0
Zotu39	0	0	0	0	0	2430	0	0	0	0	0	0	0	3	0
Zotu111	0	0	0	0	0	287	0	0	0	0	0	0	0	0	0
Zotu222	0	0	0	0	0	66	0	0	0	0	0	0	0	0	0
Zotu217	0	0	0	0	0	81	0	0	0	0	0	0	0	0	0
Zotu62	0	0	0	0	0	1073	0	0	0	0	0	0	0	0	0
Zotu335	0	0	0	0	0	34	0	0	0	0	0	0	0	0	0
Zotu297	0	0	0	0	0	39	0	0	0	0	0	0	0	0	0
Zotu49	0	0	0	0	0	1559	0	0	0	0	0	0	0	1	0
Zotu83	0	0	0	0	0	483	0	0	0	0	0	0	0	0	0
Zotu99	0	0	0	0	0	365	0	0	0	0	0	0	0	7	0
Zotu72	0	0	0	0	0	741	0	0	0	0	0	0	0	0	0
Zotu23	0	0	0	0	0	4784	0	0	0	0	0	0	0	14	0
Zotu87	0	0	0	0	0	469	0	0	0	0	0	0	0	0	0
Zotu71	0	0	0	0	0	734	0	0	0	0	0	0	0	0	0
Zotu386	0	0	0	0	0	21	0	0	0	0	0	0	0	0	0
Zotu135	0	0	0	0	0	189	0	0	0	0	0	0	0	2	0
Zotu102	0	0	0	0	0	319	0	0	0	0	0	0	0	0	0
Zotu63	0	0	0	0	0	909	0	0	0	0	0	0	0	0	0
Zotu227	0	0	0	0	0	62	0	0	0	0	0	0	0	0	0
Zotu113	0	0	0	0	0	265	0	0	0	0	0	0	0	1	0
Zotu121	0	0	0	0	0	200	0	0	0	0	0	0	0	0	0
Zotu77	0	0	0	0	0	590	0	0	0	0	0	0	0	11	0
Zotu255	0	0	0	0	0	50	0	0	0	0	0	0	0	0	0
Zotu242	0	0	0	0	0	57	0	0	0	0	0	0	0	1	0
Zotu315	0	0	0	0	0	37	0	0	0	0	0	0	0	0	0
Zotu193	0	0	0	0	0	80	0	0	0	0	0	0	0	0	0
Zotu276	0	0	0	0	0	44	0	0	0	0	0	0	0	0	0
Zotu200	0	0	0	0	0	93	0	0	0	0	0	0	0	0	0
Zotu116	0	0	0	0	0	241	0	0	0	0	0	0	0	0	0
Zotu86	0	0	0	0	0	495	0	0	0	0	0	0	0	3	0
Zotu148	0	0	0	0	0	150	0	0	0	0	0	0	0	0	0
Zotu221	0	0	0	0	0	94	0	0	0	0	0	0	0	0	0
Zotu326	0	0	0	0	0	75	0	0	0	0	0	0	0	0	0
Zotu273	0	0	0	0	0	41	0	0	0	0	0	0	0	0	0
Zotu420	0	0	0	0	0	15	0	0	0	0	0	0	0	0	0
Zotu195	0	0	0	0	0	87	0	0	0	0	0	0	0	0	0
Zotu228	0	0	0	0	0	64	0	0	0	0	0	0	0	0	0
Zotu204	0	0	0	0	0	94	0	0	0	0	0	0	0	0	0
Zotu381	0	0	0	0	0	24	0	0	0	0	0	0	0	0	0
Zotu235	0	0	0	0	0	42	0	0	0	0	0	0	0	13	0
Zotu91	0	0	0	0	0	385	0	0	0	0	0	0	0	3	0
Zotu214	0	0	0	0	0	60	0	0	0	0	0	0	0	0	0
Zotu382	0	0	0	0	0	95	0	0	0	0	0	0	0	0	0
Zotu336	0	0	0	0	0	28	0	0	0	0	0	0	0	0	0
Zotu67	0	0	0	0	0	839	0	0	0	0	0	0	0	18	0
Zotu306	0	0	0	0	0	34	0	0	0	0	0	0	0	0	0
Zotu256	0	0	0	0	0	51	0	0	0	0	0	0	0	0	0
Zotu133	0	0	0	0	0	203	0	0	0	0	0	0	0	1	0
Zotu317	0	0	0	0	0	31	0	0	0	0	0	0	0	0	0
Zotu300	0	0	0	0	0	42	0	0	0	0	0	0	0	0	0
Zotu207	0	0	0	0	0	75	0	0	0	0	0	0	0	0	0
Zotu183	0	0	0	0	0	105	0	0	0	0	0	0	0	0	0
Zotu246	0	0	0	0	0	55	0	0	0	0	0	0	0	0	0
Zotu154	0	0	0	0	0	136	0	0	0	0	0	0	0	2	0
Zotu206	0	0	0	0	0	82	0	0	0	0	0	0	0	0	0
Zotu238	0	0	0	0	0	53	0	0	0	0	0	0	0	0	0
Zotu124	0	0	0	0	0	200	0	0	0	0	0	0	0	0	0
Zotu286	0	0	0	0	0	43	0	0	0	0	0	0	0	0	0
Zotu187	0	0	0	0	0	101	0	0	0	0	0	0	0	0	0
Zotu181	0	0	0	0	0	102	0	0	0	0	0	0	0	0	0
Zotu293	0	0	0	0	0	34	0	0	0	0	0	0	0	0	0
Zotu260	0	0	0	0	0	48	0	0	0	0	0	0	0	0	0
Zotu264	0	0	0	0	0	360	0	0	0	0	0	0	0	0	0
Zotu150	0	0	0	0	0	143	0	0	0	0	0	0	0	0	0
Zotu202	0	0	0	0	0	92	0	0	0	0	0	0	0	0	0
Zotu176	0	0	0	0	0	114	0	0	0	0	0	0	0	0	0
Zotu352	0	0	0	0	0	26	0	0	0	0	0	0	0	0	0
Zotu333	0	0	0	0	0	44	0	0	0	0	0	0	0	0	0
Zotu347	0	0	0	0	0	39	0	0	0	0	0	0	0	0	0
Zotu282	0	0	0	0	0	40	0	0	0	0	0	0	0	0	0
Zotu186	0	0	0	0	0	92	0	0	0	0	0	0	0	0	0
Zotu327	0	0	0	0	0	32	0	0	0	0	0	0	0	0	0
Zotu143	0	0	0	0	0	173	0	0	0	0	0	0	0	0	0
Zotu120	0	0	0	0	0	214	0	0	0	0	0	0	0	0	0
Zotu251	0	0	0	0	0	120	0	0	0	0	0	0	0	0	0
Zotu136	0	0	0	0	0	183	0	0	0	0	0	0	0	0	0
Zotu188	0	0	0	0	0	106	0	0	0	0	0	0	0	0	0
Zotu290	0	0	0	0	0	39	0	0	0	0	0	0	0	0	0
Zotu211	0	0	0	0	0	72	0	0	0	0	0	0	0	0	0
Zotu304	0	0	0	0	0	40	0	0	0	0	0	0	0	0	0
Zotu218	0	0	0	0	0	68	0	0	0	0	0	0	0	0	0
Zotu288	0	0	0	0	0	42	0	0	0	0	0	0	0	0	0
Zotu168	0	0	0	0	0	122	0	0	0	0	0	0	0	0	0
Zotu263	0	0	0	0	0	48	0	0	0	0	0	0	0	0	0
Zotu272	0	0	0	0	0	45	0	0	0	0	0	0	0	0	0
Zotu284	0	0	0	0	0	38	0	0	0	0	0	0	0	0	0
Zotu285	0	0	0	0	0	42	0	0	0	0	0	0	0	0	0
Zotu368	0	0	0	0	0	43	0	0	0	0	0	0	0	0	0
Zotu219	0	0	0	0	0	63	0	0	0	0	0	0	0	0	0
Zotu146	0	0	0	0	0	120	0	0	0	0	0	0	0	0	35
Zotu209	0	0	0	0	0	72	0	0	0	0	0	0	0	0	0
Zotu96	0	0	0	0	0	325	0	0	0	0	0	0	0	0	0
Zotu373	0	0	0	0	0	27	0	0	0	0	0	0	0	0	0
Zotu139	0	0	0	0	0	146	0	0	0	0	0	0	0	8	0
Zotu423	0	0	0	0	0	13	0	0	0	0	0	0	0	0	0
Zotu236	0	0	0	0	0	67	0	0	0	0	0	0	0	0	0
Zotu374	0	0	0	0	0	23	0	0	0	0	0	0	0	0	0
Zotu281	0	0	0	0	0	36	0	0	0	0	0	0	0	0	0
Zotu301	0	0	0	0	0	38	0	0	0	0	0	0	0	0	0
Zotu312	0	0	0	0	0	38	0	0	0	0	0	0	0	0	0
Zotu241	0	0	0	0	0	71	0	0	0	0	0	0	0	0	0
Zotu163	0	0	0	0	0	116	0	0	0	0	0	0	0	0	0
Zotu169	0	0	0	0	0	122	0	0	0	0	0	0	0	0	0
Zotu287	0	0	0	0	0	40	0	0	0	0	0	0	0	0	0
Zotu393	0	0	0	0	0	19	0	0	0	0	0	0	0	0	0
Zotu357	0	0	0	0	0	28	0	0	0	0	0	0	0	0	0
Zotu348	0	0	0	0	0	31	0	0	0	0	0	0	0	0	0
Zotu231	0	0	0	0	0	59	0	0	0	0	0	0	0	0	0
Zotu165	0	0	0	0	0	128	0	0	0	0	0	0	0	0	0
Zotu339	0	0	0	0	0	35	0	0	0	0	0	0	0	0	0
Zotu305	0	0	0	0	0	32	0	0	0	0	0	0	0	0	0
Zotu269	0	0	0	0	0	43	0	0	0	0	0	0	0	0	0
Zotu341	0	0	0	0	0	30	0	0	0	0	0	0	0	0	0
Zotu371	0	0	0	0	0	23	0	0	0	0	0	0	0	0	0
Zotu182	0	0	0	0	0	97	0	0	0	0	0	0	0	18	0
Zotu270	0	0	0	0	0	45	0	0	0	0	0	0	0	0	0
Zotu426	0	0	0	0	0	14	0	0	0	0	0	0	0	0	0
Zotu201	0	0	0	0	0	84	0	0	0	0	0	0	0	0	0
Zotu250	0	0	0	0	0	52	0	0	0	0	0	0	0	0	0
Zotu244	0	0	0	0	0	57	0	0	0	0	0	0	0	0	0
Zotu392	0	0	0	0	0	19	0	0	0	0	0	0	0	0	0
Zotu398	0	0	0	0	0	17	0	0	0	0	0	0	0	0	0
Zotu389	0	0	0	0	0	24	0	0	0	0	0	0	0	0	0
Zotu365	0	0	0	0	0	26	0	0	0	0	0	0	0	0	0
Zotu313	0	0	0	0	0	34	0	0	0	0	0	0	0	0	0
Zotu331	0	0	0	0	0	30	0	0	0	0	0	0	0	0	0
Zotu403	0	0	0	0	0	20	0	0	0	0	0	0	0	0	0
Zotu369	0	0	0	0	0	31	0	0	0	0	0	0	0	0	0
Zotu328	0	0	0	0	0	32	0	0	0	0	0	0	0	0	0
Zotu379	0	0	0	0	0	18	0	0	0	0	0	0	0	0	0
Zotu378	0	0	0	0	0	25	0	0	0	0	0	0	0	0	0
Zotu429	0	0	0	0	0	11	0	0	0	0	0	0	0	0	0
Zotu262	0	0	0	0	0	52	0	0	0	0	0	0	0	0	0
Zotu320	0	0	0	0	0	33	0	0	0	0	0	0	0	0	0
Zotu362	0	0	0	0	0	26	0	0	0	0	0	0	0	0	0
Zotu259	0	0	0	0	0	46	0	0	0	0	0	0	0	0	0
Zotu388	0	0	0	0	0	21	0	0	0	0	0	0	0	0	0
Zotu295	0	0	0	0	0	39	0	0	0	0	0	0	0	2	0
Zotu354	0	0	0	0	0	29	0	0	0	0	0	0	0	0	0
Zotu351	0	0	0	0	0	31	0	0	0	0	0	0	0	0	0
Zotu278	0	0	0	0	0	40	0	0	0	0	0	0	0	0	0
Zotu418	0	0	0	0	0	23	0	0	0	0	0	0	0	0	0
Zotu318	0	0	0	0	0	30	0	0	0	0	0	0	0	0	0
Zotu325	0	0	0	0	0	31	0	0	0	0	0	0	0	0	0
Zotu402	0	0	0	0	0	25	0	0	0	0	0	0	0	0	0
Zotu412	0	0	0	0	0	17	0	0	0	0	0	0	0	0	0
Zotu332	0	0	0	0	0	29	0	0	0	0	0	0	0	0	0
Zotu338	0	0	0	0	0	32	0	0	0	0	0	0	0	0	0
Zotu308	0	0	0	0	0	37	0	0	0	0	0	0	0	0	0
Zotu421	0	0	0	0	0	18	0	0	0	0	0	0	0	0	0
Zotu461	0	0	0	0	0	12	0	0	0	0	0	0	0	0	0
Zotu445	0	0	0	0	0	12	0	0	0	0	0	0	0	0	0
Zotu451	0	0	0	0	0	1	0	0	0	0	0	0	0	14	0
Zotu431	0	0	0	0	0	17	0	0	0	0	0	0	0	0	0
Zotu439	0	0	0	0	0	13	0	0	0	0	0	0	0	0	0
Zotu249	0	0	0	0	0	51	0	0	0	0	0	0	0	0	0
Zotu457	0	0	0	0	0	17	0	0	0	0	0	0	0	0	0
Zotu307	0	0	0	0	0	29	0	0	0	0	0	0	0	0	0
Zotu345	0	0	0	0	0	25	0	0	0	0	0	0	0	0	0
Zotu324	0	0	0	0	0	29	0	0	0	0	0	0	0	0	0
Zotu422	0	0	0	0	0	18	0	0	0	0	0	0	0	0	0
Zotu469	0	0	0	0	0	9	0	0	0	0	0	0	0	0	0
Zotu391	0	0	0	0	0	16	0	0	0	0	0	0	0	0	0
Zotu19	0	0	0	0	0	1	0	0	0	0	0	0	0	0	5618
Zotu396	0	0	0	0	0	0	190	0	0	0	0	3	0	0	0
Zotu405	0	0	0	0	0	0	39	0	1	0	0	0	0	0	0
Zotu466	0	0	0	0	0	0	2	0	1	0	0	2577	0	0	0
Zotu159	0	0	0	0	0	0	0	11	0	0	0	9	263	0	0
Zotu76	0	0	0	0	0	0	0	0	1205	0	1	494	1	0	0
Zotu213	0	0	0	0	0	0	0	0	0	8	0	1812	0	0	0
Zotu129	0	0	0	0	0	0	0	0	0	119	0	4063	0	0	0
Zotu413	0	0	0	0	0	0	0	0	0	1	0	823	0	0	0
Zotu311	0	0	0	0	0	0	0	0	0	3	0	2799	0	0	0
Zotu444	0	0	0	0	0	0	0	0	0	1	0	803	0	0	0
Zotu377	0	0	0	0	0	0	0	0	0	0	0	2884	0	0	0
Zotu442	0	0	0	0	0	0	0	0	0	0	0	1495	0	0	0
Zotu399	0	0	0	0	0	0	0	0	0	0	0	1842	0	0	0
Zotu454	0	0	0	0	0	0	0	0	0	0	0	1058	0	0	0
Zotu458	0	0	0	0	0	0	0	0	0	0	0	1185	0	0	0
Zotu409	0	0	0	0	0	0	0	0	0	0	0	3096	0	0	0
Zotu453	0	0	0	0	0	0	0	0	0	0	0	723	0	0	0
Zotu329	0	0	0	0	0	0	0	0	0	0	0	1558	0	0	0
Zotu447	0	0	0	0	0	0	0	0	0	0	0	1157	0	0	0
Zotu463	0	0	0	0	0	0	0	0	0	0	0	1072	0	0	0
Zotu424	0	0	0	0	0	0	0	0	0	0	0	722	0	0	0
Zotu467	0	0	0	0	0	0	0	0	0	0	0	303	0	0	0
Zotu443	0	0	0	0	0	0	0	0	0	0	0	1574	0	0	0
Zotu465	0	0	0	0	0	0	0	0	0	0	0	666	0	0	0
Zotu471	0	0	0	0	0	0	0	0	0	0	0	508	0	0	0
Zotu277	0	0	0	0	0	0	0	0	0	0	0	0	0	43	0
Zotu349	0	0	0	0	0	0	0	0	0	0	0	0	0	28	0
Zotu299	0	0	0	0	0	0	0	0	0	0	0	0	0	33	0
Zotu435	0	0	0	0	0	0	0	0	0	0	0	0	0	13	0
Zotu450	0	0	0	0	0	0	0	0	0	0	0	0	0	9	0
Zotu274	0	0	0	0	0	0	0	0	0	0	0	0	0	6	44
Zotu24	0	0	0	0	0	0	0	0	0	0	0	0	0	6	4289
Zotu152	0	0	0	0	0	0	0	0	0	0	0	0	0	1	137
Zotu446	0	0	0	0	0	0	0	0	0	0	0	0	0	9	0
Zotu407	0	0	0	0	0	0	0	0	0	0	0	0	0	13	0
Zotu430	0	0	0	0	0	0	0	0	0	0	0	0	0	12	0
Zotu417	0	0	0	0	0	0	0	0	0	0	0	0	0	14	0
Zotu65	0	0	0	0	0	0	0	0	0	0	0	0	0	0	908
Zotu54	0	0	0	0	0	0	0	0	0	0	0	0	0	0	1275
Zotu53	0	0	0	0	0	0	0	0	0	0	0	0	0	0	1482
Zotu142	0	0	0	0	0	0	0	0	0	0	0	0	0	0	172
Zotu56	0	0	0	0	0	0	0	0	0	0	0	0	0	0	1381
Zotu85	0	0	0	0	0	0	0	0	0	0	0	0	0	0	466
Zotu100	0	0	0	0	0	0	0	0	0	0	0	0	0	0	312
Zotu394	0	0	0	0	0	0	0	0	0	0	0	0	0	0	26
Zotu110	0	0	0	0	0	0	0	0	0	0	0	0	0	0	301
Zotu147	0	0	0	0	0	0	0	0	0	0	0	0	0	0	143
Zotu117	0	0	0	0	0	0	0	0	0	0	0	0	0	0	245
Zotu415	0	0	0	0	0	0	0	0	0	0	0	0	0	0	17
Zotu408	0	0	0	0	0	0	0	0	0	0	0	0	0	0	21
Zotu294	0	0	0	0	0	0	0	0	0	0	0	0	0	0	49
Zotu268	0	0	0	0	0	0	0	0	0	0	0	0	0	0	67
Zotu314	0	0	0	0	0	0	0	0	0	0	0	0	0	0	37
Zotu434	0	0	0	0	0	0	0	0	0	0	0	0	0	0	18
Zotu316	0	0	0	0	0	0	0	0	0	0	0	0	0	0	33
Zotu360	0	0	0	0	0	0	0	0	0	0	0	0	0	0	21
Zotu254	0	0	0	0	0	0	0	0	0	0	0	0	0	0	49
Zotu455	0	0	0	0	0	0	0	0	0	0	0	0	0	0	13
Zotu440	0	0	0	0	0	0	0	0	0	0	0	0	0	0	15
