#OTU ID	SRR2533834	SRR2533846	SRR2533860	SRR2533882	SRR2533894	SRR2533897	SRR2533904	SRR2533911	SRR2533919	SRR2533933	SRR2533949	SRR2533979	SRR2533985	SRR2534007	SRR2534013	SRR2534024	SRR2534037	SRR2534046	SRR2534057
OTU_1	0	1083	9	0	0	514291	49	59	5	122	241974	0	0	0	0	0	0	0	10048
OTU_10	0	0	0	0	0	16880	0	0	0	0	0	60	0	0	32977	31	0	0	0
OTU_100	0	0	0	606	0	0	0	0	0	0	0	0	0	0	0	0	0	0	0
OTU_101	0	0	0	0	942	0	56	0	0	0	0	0	0	0	0	0	0	0	0
OTU_102	0	0	0	567	0	0	0	0	0	0	0	0	0	0	0	0	0	0	0
OTU_103	0	0	0	0	0	0	0	0	397	557	0	0	0	0	0	0	0	0	0
OTU_104	0	0	10	0	0	162	0	0	5	0	0	0	0	1321	0	0	0	0	0
OTU_105	0	0	0	549	0	0	0	0	0	0	0	0	0	0	0	0	0	0	0
OTU_106	0	0	0	687	0	0	0	0	0	0	0	0	0	0	0	0	0	0	0
OTU_107	0	0	0	0	473	0	0	0	0	0	0	0	0	0	0	0	0	0	0
OTU_108	0	0	0	0	0	0	0	0	34	114	8	0	0	0	0	102	0	0	472
OTU_109	0	0	0	0	0	0	0	0	469	0	17	0	0	0	0	0	7	0	0
OTU_11	0	0	0	0	0	0	0	0	27882	0	0	0	0	0	0	0	0	0	0
OTU_110	461	0	0	0	0	0	0	0	0	0	0	218	0	0	0	0	0	0	0
OTU_111	0	0	0	559	0	0	12	0	0	0	0	0	0	0	0	0	0	0	0
OTU_112	0	0	0	0	212	0	38	0	460	0	0	0	0	0	0	0	0	0	0
OTU_113	0	0	8	0	454	0	335	0	281	20	0	8	0	0	0	0	0	0	0
OTU_114	0	0	0	453	0	0	60	0	0	0	0	0	0	0	0	0	0	0	0
OTU_115	0	8	0	447	0	0	10	0	203	0	317	0	82	189	0	534	79	181	241
OTU_116	0	0	0	0	39	0	0	0	0	0	0	0	28	0	0	445	5	0	447
OTU_117	0	0	0	0	0	0	0	0	445	0	0	0	0	0	0	0	0	0	0
OTU_118	0	0	0	0	698	0	183	0	0	0	0	0	0	0	0	0	0	0	0
OTU_119	0	0	0	0	0	0	0	0	0	134	0	0	0	430	0	0	0	0	0
OTU_12	0	0	0	0	0	0	0	0	22640	0	0	0	0	0	0	0	0	0	0
OTU_120	0	15	0	417	258	0	0	0	0	83	0	0	0	223	0	0	0	0	0
OTU_121	0	0	0	0	0	0	0	0	0	0	0	0	0	413	0	0	0	0	0
OTU_122	0	0	0	398	4	0	0	0	0	0	0	0	0	0	0	0	0	0	0
OTU_123	0	0	0	384	0	0	0	0	0	0	0	0	0	0	0	0	0	0	0
OTU_124	0	0	0	0	0	376	0	0	0	0	0	0	0	0	0	0	0	0	0
OTU_125	0	0	0	0	0	0	0	0	0	197	0	0	0	0	0	0	0	0	364
OTU_126	0	0	0	22	0	0	0	0	705	0	0	0	8	0	0	0	0	0	0
OTU_127	0	0	0	689	0	0	0	0	0	0	3	0	0	0	0	0	0	0	0
OTU_128	0	0	0	350	0	0	0	0	0	0	0	0	0	0	0	0	0	0	0
OTU_129	0	0	0	0	350	0	357	0	0	0	0	0	0	0	0	0	0	0	0
OTU_13	0	0	0	0	20019	0	213	0	33	0	0	0	0	0	0	0	0	0	0
OTU_130	0	0	0	0	347	0	0	0	0	0	0	0	0	0	0	0	0	0	0
OTU_131	0	0	0	0	0	0	0	0	392	0	12	0	136	0	88	0	18	49	0
OTU_132	0	0	0	0	0	0	0	0	25	0	0	0	0	0	0	16	327	0	437
OTU_133	0	0	0	0	0	0	0	0	308	0	0	0	0	0	0	0	0	0	0
OTU_134	0	0	0	532	0	0	0	0	0	0	0	0	0	0	0	0	0	0	0
OTU_135	0	0	0	0	332	0	145	0	0	0	0	0	7	0	0	0	0	0	0
OTU_136	0	0	0	0	0	0	0	0	578	0	0	0	0	0	0	0	0	0	0
OTU_137	0	0	0	297	0	0	0	0	38	0	0	0	0	0	0	0	0	0	0
OTU_138	0	0	0	0	0	0	0	0	492	0	0	0	0	0	0	0	0	0	0
OTU_139	0	0	0	190	0	0	0	0	265	0	0	0	0	290	0	0	0	0	0
OTU_14	0	0	14	0	18546	0	36	0	32	0	0	0	0	0	0	0	0	0	0
OTU_140	0	0	0	0	0	0	0	0	0	0	0	0	0	280	0	0	0	0	0
OTU_141	0	0	0	0	0	0	0	0	282	0	0	0	0	0	0	0	0	0	0
OTU_142	0	0	0	0	0	0	0	0	0	0	0	0	0	272	0	0	0	0	0
OTU_143	0	0	0	0	0	0	0	0	263	0	0	0	0	0	0	0	0	0	0
OTU_144	0	0	0	446	0	0	0	0	0	0	0	0	0	0	0	0	0	0	0
OTU_145	0	0	0	0	470	0	0	0	18	0	0	0	0	0	0	0	0	0	0
OTU_146	0	0	0	0	0	0	0	0	243	0	0	0	0	0	0	0	0	0	0
OTU_147	0	0	0	0	0	0	0	0	358	0	106	0	0	0	0	0	0	15	0
OTU_148	0	0	0	0	32	0	0	0	0	237	0	0	0	0	0	0	0	0	0
OTU_149	0	51	0	0	234	0	28	0	0	0	0	0	0	0	0	0	0	0	0
OTU_15	0	0	0	0	0	0	0	0	15191	0	0	0	0	0	0	0	0	0	0
OTU_150	3	11	6	0	0	0	225	0	239	51	0	0	0	0	0	0	0	0	0
OTU_151	330	0	0	0	0	0	0	0	0	0	0	123	0	0	0	0	0	0	0
OTU_152	0	0	0	0	451	0	123	0	0	0	0	0	0	0	0	0	0	0	0
OTU_153	0	0	0	0	201	0	0	0	0	0	0	0	0	0	0	0	0	0	0
OTU_154	0	0	0	0	0	0	0	0	0	0	0	0	0	198	0	0	0	0	0
OTU_155	0	0	0	0	0	0	0	0	192	0	25	0	0	0	0	6	7	0	0
OTU_156	0	0	0	0	181	0	0	0	0	0	0	0	0	0	0	0	0	0	0
OTU_157	0	0	0	0	0	0	0	0	292	0	0	0	0	0	0	0	0	0	0
OTU_158	0	0	0	0	0	0	0	0	172	0	0	0	0	0	0	0	0	0	0
OTU_159	0	0	0	0	0	0	0	0	170	0	0	0	0	0	0	0	0	0	0
OTU_16	27	182	37	0	25558	0	1501	0	1588	6205	268	5	0	541	0	0	0	0	58
OTU_160	0	0	0	0	0	0	156	0	0	0	0	0	0	0	0	0	0	0	0
OTU_161	21	31	0	0	116	0	246	0	0	0	0	0	0	153	0	0	0	0	0
OTU_162	0	0	0	0	0	0	0	0	0	152	0	0	0	0	0	0	0	0	0
OTU_163	0	0	0	0	0	0	0	0	148	0	0	0	0	0	0	0	0	0	0
OTU_164	7	0	0	0	0	0	146	0	0	0	0	0	0	0	0	0	0	0	0
OTU_165	0	0	0	0	54	0	144	0	0	0	0	0	0	0	0	0	0	0	0
OTU_166	0	0	0	141	0	0	0	0	0	0	0	0	0	0	0	0	0	0	0
OTU_167	0	0	0	0	0	0	0	0	136	0	0	0	0	0	0	0	0	0	0
OTU_168	0	0	0	51	0	0	0	0	0	237	0	0	0	0	0	0	0	0	0
OTU_169	0	0	0	0	234	0	0	0	0	0	0	0	0	0	0	0	0	0	0
OTU_17	10877	0	0	0	0	0	38	0	0	0	0	4807	0	0	0	0	0	0	0
OTU_170	0	0	0	0	0	0	0	0	127	0	0	0	0	0	0	0	0	0	0
OTU_171	0	0	0	122	0	0	0	0	0	0	0	0	0	0	0	0	0	0	0
OTU_172	0	0	0	0	0	0	122	0	0	0	0	0	0	0	0	0	0	0	0
OTU_173	0	0	0	0	0	0	251	0	0	0	0	0	0	0	0	0	0	0	0
OTU_174	0	0	0	0	0	0	0	0	0	120	0	0	0	0	0	0	0	0	0
OTU_175	0	0	0	0	0	0	142	0	0	0	0	0	0	0	0	0	0	0	0
OTU_176	0	0	0	0	115	0	0	0	0	0	0	0	0	0	0	0	0	0	0
OTU_177	0	0	0	61	0	0	0	0	111	0	0	0	0	0	0	0	0	0	0
OTU_178	0	0	0	0	0	0	0	0	110	0	0	0	10	0	0	43	0	0	0
OTU_179	0	0	0	0	0	0	109	0	0	0	0	0	0	0	0	0	0	0	0
OTU_18	0	0	0	1229	12	7	0	0	0	10484	2	0	0	135	0	0	0	0	0
OTU_180	0	0	0	0	0	0	174	0	48	0	0	0	0	0	0	0	0	0	0
OTU_181	0	0	0	0	192	0	0	0	0	0	0	0	0	0	0	0	0	0	0
OTU_182	0	0	0	0	0	0	0	0	0	0	100	0	0	0	0	0	0	0	0
OTU_183	0	0	0	0	0	0	0	0	99	0	26	0	23	0	0	0	0	0	0
OTU_184	0	0	0	0	97	0	4	0	0	0	0	0	0	0	0	0	0	0	0
OTU_185	0	0	0	0	96	0	0	0	0	0	12	0	0	0	0	0	0	13	0
OTU_186	0	0	0	0	0	0	95	0	0	0	0	0	0	0	0	0	0	0	0
OTU_187	0	0	0	0	0	0	0	0	0	0	0	0	0	0	0	93	0	58	177
OTU_188	0	0	0	0	94	0	0	0	0	0	0	0	0	0	0	0	0	0	0
OTU_189	0	0	0	0	0	0	94	0	0	0	0	0	0	0	0	0	0	0	0
OTU_19	0	0	0	0	0	0	0	0	7074	0	0	0	0	0	0	0	0	0	0
OTU_190	0	0	0	0	91	0	0	0	0	0	0	0	0	0	0	0	0	0	0
OTU_191	0	0	0	0	9	0	0	0	89	0	0	0	0	0	0	0	0	0	0
OTU_192	0	0	0	0	88	0	0	0	0	0	0	0	0	0	0	0	0	0	0
OTU_193	0	0	0	0	87	0	0	0	0	0	0	0	0	0	0	0	0	0	0
OTU_194	0	0	0	0	0	0	87	0	0	0	0	0	0	0	0	0	0	0	0
OTU_195	0	0	0	0	0	0	108	0	0	0	0	0	0	0	0	0	0	0	0
OTU_196	0	0	0	0	0	0	0	0	85	0	0	0	0	0	0	0	0	0	0
OTU_197	0	0	0	0	165	0	0	0	0	0	0	0	0	0	0	0	0	0	0
OTU_198	0	0	0	0	83	0	0	0	0	0	0	0	0	0	0	0	0	0	0
OTU_199	0	0	0	0	0	0	83	0	0	0	0	0	0	0	0	0	0	0	0
OTU_2	127449	43496	158254	2262	15	106	315254	67533	84	852	148678	7477	0	2345	9056	0	14	21513	26933
OTU_20	0	24	0	150	0	0	10	0	0	7	0	0	0	0	77	5	0	0	11142
OTU_200	0	0	0	0	79	0	0	0	0	0	0	0	0	0	0	0	0	0	0
OTU_201	0	0	0	0	0	0	106	0	0	0	0	0	0	0	0	0	0	0	0
OTU_202	0	0	0	0	0	0	107	0	23	0	0	0	0	0	0	0	0	0	0
OTU_203	0	15	0	0	0	0	105	0	0	0	0	0	0	0	0	0	0	0	0
OTU_204	0	0	0	0	0	0	0	0	119	0	0	0	0	0	0	0	0	0	0
OTU_205	0	0	0	0	0	0	0	0	0	71	10	0	0	64	0	0	0	0	0
OTU_206	0	0	0	0	0	0	61	0	0	0	71	0	0	0	0	0	0	0	0
OTU_207	0	0	0	0	69	0	35	0	0	0	0	0	0	0	0	0	0	0	0
OTU_208	0	0	0	0	11	0	228	0	57	0	0	0	10	0	0	0	0	0	0
OTU_209	0	0	0	0	65	0	29	0	0	0	0	0	0	0	0	0	0	0	0
OTU_21	0	0	0	271	0	0	0	0	5996	702	567	0	0	0	0	56	0	0	0
OTU_210	0	0	0	0	0	0	63	0	0	0	0	0	0	0	0	0	0	0	0
OTU_211	0	0	0	0	0	0	0	0	0	0	0	0	0	0	0	0	98	0	0
OTU_212	0	0	0	0	0	0	60	0	0	0	0	0	0	0	0	0	0	0	0
OTU_213	0	0	0	0	0	0	114	0	0	0	0	0	0	0	0	0	0	0	0
OTU_214	0	0	0	0	0	0	57	0	0	0	0	0	0	0	0	0	0	0	0
OTU_215	0	0	0	0	0	0	57	0	0	0	0	0	0	0	0	0	0	0	0
OTU_216	0	0	0	0	0	0	57	0	0	0	0	0	0	0	0	0	0	0	0
OTU_217	0	0	0	0	55	0	0	0	0	0	0	0	0	0	0	0	0	0	0
OTU_218	0	0	0	0	72	0	0	0	0	0	0	0	0	0	0	0	0	0	0
OTU_219	0	0	0	0	0	0	83	0	0	0	0	0	0	0	0	0	0	0	0
OTU_22	0	0	0	0	0	0	15	0	11290	2130	296	0	1451	0	0	816	120	543	0
OTU_220	75	53	0	0	0	0	75	0	6	0	0	0	0	0	0	0	0	0	0
OTU_221	0	0	0	0	53	0	0	0	0	0	0	0	0	0	0	0	0	0	0
OTU_222	0	0	0	52	0	0	0	0	0	0	0	0	0	0	0	0	0	0	0
OTU_223	0	0	0	0	0	0	52	0	17	0	0	0	0	0	0	0	0	0	0
OTU_224	0	0	0	0	51	0	0	0	0	0	0	0	0	0	0	0	0	0	0
OTU_225	0	0	0	0	51	0	0	0	0	8	0	0	0	0	0	0	0	0	0
OTU_226	0	0	0	0	4	0	51	0	0	0	0	0	0	0	0	0	0	0	0
OTU_227	0	0	0	0	50	0	0	0	0	0	0	0	0	0	0	0	0	0	0
OTU_228	0	0	0	0	0	0	60	0	0	0	0	0	0	0	0	0	0	0	0
OTU_229	0	0	0	0	0	0	49	0	0	0	0	0	0	0	0	0	0	0	0
OTU_23	6445	0	0	0	0	0	0	0	0	0	670	1378	0	0	0	0	0	127	68
OTU_230	0	0	0	0	0	0	77	0	0	0	0	0	0	0	0	0	0	0	0
OTU_231	0	0	0	0	0	0	70	0	0	0	0	0	0	0	0	0	0	0	0
OTU_232	0	46	0	0	0	0	0	0	0	0	0	0	0	0	0	0	0	0	0
OTU_233	0	0	0	0	38	0	136	0	6	0	0	0	0	0	0	0	0	0	0
OTU_234	0	0	0	0	0	0	82	0	0	34	0	0	0	0	0	0	0	0	0
OTU_235	0	0	0	0	0	0	0	0	45	0	0	0	0	0	0	0	0	0	0
OTU_236	0	43	0	0	0	0	0	0	0	0	0	0	0	0	0	0	0	0	0
OTU_237	0	13	0	0	43	0	7	0	0	0	0	0	0	0	0	0	0	0	0
OTU_238	0	0	0	0	0	0	0	0	43	0	0	0	0	0	0	0	0	0	0
OTU_239	0	0	0	0	0	0	0	0	0	43	0	0	0	0	0	0	0	0	0
OTU_24	0	0	0	0	0	0	0	0	0	0	0	0	0	0	0	0	0	5451	0
OTU_240	0	0	0	0	0	0	58	0	0	0	0	0	0	0	0	0	0	0	0
OTU_241	0	0	0	0	0	0	41	0	0	0	0	0	0	0	0	0	0	0	0
OTU_242	0	0	0	0	6	0	0	0	41	0	0	0	0	0	0	0	0	0	0
OTU_243	0	0	0	0	0	0	0	0	40	0	0	0	0	0	0	0	0	0	0
OTU_244	0	0	0	0	0	0	0	0	40	0	0	0	0	0	0	0	0	0	0
OTU_245	0	0	0	0	0	0	39	0	0	0	0	0	0	0	0	0	0	0	0
OTU_246	0	0	0	0	0	0	0	0	38	0	0	0	0	0	0	0	0	0	0
OTU_247	0	0	0	0	0	0	0	0	25	0	0	0	0	0	0	17	38	21	0
OTU_248	0	0	0	0	26	0	65	0	0	0	0	0	0	0	0	0	0	0	0
OTU_249	0	7	0	0	0	0	0	0	0	0	35	0	19	0	0	11	0	9	0
OTU_25	0	0	0	11	85	0	0	0	0	0	0	0	0	0	0	0	0	0	7092
OTU_250	0	0	0	0	0	0	0	0	0	31	0	0	0	0	0	0	0	0	35
OTU_251	0	0	0	0	34	0	0	0	0	0	0	0	0	0	0	0	0	0	0
OTU_252	0	0	0	0	0	0	80	0	26	21	0	0	0	0	0	0	0	0	0
OTU_253	0	0	0	0	32	0	0	0	0	0	0	0	0	0	0	0	0	0	0
OTU_254	0	0	0	0	0	0	0	0	0	0	0	0	0	32	0	0	0	0	0
OTU_255	31	0	0	0	0	0	0	0	0	0	0	14	0	0	0	0	0	0	0
OTU_256	0	0	0	0	31	0	0	0	0	0	0	0	0	0	0	0	0	0	0
OTU_257	0	0	0	0	0	0	0	0	31	0	0	0	0	0	0	0	0	0	0
OTU_258	0	30	0	0	0	0	0	0	0	0	0	0	0	0	0	0	0	0	0
OTU_259	0	0	0	0	0	0	0	0	30	0	0	0	0	0	0	0	0	0	0
OTU_26	0	0	0	0	0	0	0	0	4405	0	0	0	0	0	0	0	0	0	0
OTU_260	0	0	0	0	24	0	0	0	0	0	30	0	0	0	0	0	0	0	0
OTU_261	0	0	0	0	0	0	0	0	29	0	0	0	0	0	0	0	0	0	0
OTU_262	0	0	0	0	46	0	0	0	0	0	0	9	0	0	0	0	0	0	0
OTU_263	0	0	0	0	0	0	47	0	0	0	0	0	0	0	0	0	0	0	0
OTU_264	0	0	0	0	26	0	0	0	0	0	0	0	0	0	0	0	0	0	0
OTU_265	0	4	0	0	0	0	0	0	26	0	0	0	0	0	0	0	0	0	0
OTU_266	0	0	0	0	0	0	0	0	0	0	26	0	0	0	0	0	0	0	0
OTU_267	0	0	0	0	25	0	0	0	0	0	0	0	0	0	0	0	0	0	0
OTU_268	0	0	0	0	0	0	25	0	0	0	0	0	0	0	0	0	0	0	0
OTU_269	0	4	0	0	11	0	0	0	0	0	0	0	0	0	4	25	0	0	0
OTU_27	0	0	0	0	0	0	0	0	178	7889	0	0	0	0	0	0	0	0	0
OTU_270	0	0	0	0	24	0	0	0	0	0	0	0	0	0	0	0	0	0	0
OTU_271	0	0	0	0	24	0	0	0	0	0	0	0	0	0	0	0	0	0	0
OTU_272	0	0	0	0	0	0	24	0	0	0	0	0	0	0	0	0	0	0	0
OTU_273	0	0	0	0	0	0	0	0	23	0	0	0	0	0	0	0	0	0	0
OTU_274	0	0	0	0	22	0	0	0	0	0	0	0	0	0	0	0	0	0	0
OTU_275	0	0	0	0	21	0	0	0	0	0	0	0	0	0	0	0	0	0	0
OTU_276	0	0	0	0	20	0	0	0	0	0	0	0	0	0	0	0	0	0	0
OTU_277	0	0	0	0	0	0	0	0	20	0	0	0	0	0	0	0	0	0	0
OTU_278	0	0	0	0	0	0	0	0	20	0	0	0	0	0	0	0	0	0	0
OTU_279	0	0	0	0	0	0	0	0	0	0	0	20	0	0	0	0	0	0	0
OTU_28	0	0	0	7691	0	0	0	0	1161	796	0	0	0	1818	0	0	0	0	0
OTU_280	0	0	0	0	0	0	0	0	0	0	0	0	0	20	0	0	0	0	0
OTU_281	0	0	0	0	18	0	0	0	0	0	0	0	0	0	0	0	0	0	0
OTU_282	0	0	0	0	18	0	0	0	0	0	0	0	0	0	0	0	0	0	0
OTU_283	0	0	0	0	0	0	35	0	0	0	0	0	0	0	0	0	0	0	0
OTU_284	0	0	0	0	0	0	18	0	0	0	0	0	0	0	0	0	0	0	0
OTU_285	0	0	0	0	0	0	17	0	0	0	0	0	0	0	0	0	0	0	0
OTU_286	0	0	0	0	0	0	0	0	17	0	0	0	0	0	0	0	0	0	0
OTU_287	0	0	0	0	0	0	0	0	16	0	0	0	0	0	0	0	0	0	0
OTU_288	0	0	0	0	0	0	0	0	0	0	16	0	0	0	0	0	0	0	0
OTU_289	0	0	0	0	0	0	0	0	0	0	0	0	0	0	16	0	0	0	0
OTU_29	0	0	0	0	0	0	0	0	3481	0	0	0	0	0	0	0	0	0	0
OTU_290	0	15	0	0	9	0	0	0	0	0	0	0	0	0	0	0	0	0	0
OTU_291	0	0	0	0	15	0	0	0	0	0	0	0	0	0	0	0	0	0	0
OTU_292	0	0	0	0	0	0	15	0	0	0	0	0	0	0	0	0	0	0	0
OTU_293	0	0	0	0	0	0	0	0	2	0	6	0	0	0	0	0	0	0	15
OTU_294	14	0	0	0	0	0	0	0	0	0	0	0	0	0	0	0	0	0	0
OTU_295	0	0	0	14	0	0	0	0	0	0	0	0	0	0	0	0	0	0	0
OTU_296	0	0	0	0	0	0	14	0	0	0	0	0	0	0	0	0	0	0	0
OTU_297	0	0	0	0	0	0	0	0	14	0	0	0	0	0	0	0	0	0	0
OTU_298	0	0	0	0	0	0	0	0	0	0	0	0	0	0	0	0	0	0	14
OTU_299	0	0	0	0	0	0	13	0	0	0	0	0	0	0	0	0	0	0	0
OTU_3	549	14	0	240	5	69	128	299278	12	25822	285	48	0	0	123	0	39364	1882	48
OTU_30	0	8	0	0	31	0	0	8	0	19	1178	0	1145	0	0	21	0	73	3348
OTU_300	0	0	0	0	0	0	0	0	13	0	0	0	0	0	0	0	0	0	0
OTU_301	0	0	0	0	0	0	0	0	12	0	0	0	0	0	0	3	0	0	0
OTU_302	0	0	0	0	11	0	0	0	0	0	0	0	0	0	0	0	0	0	0
OTU_303	0	0	0	0	0	3	0	0	11	0	0	0	0	0	0	0	0	0	0
OTU_304	0	0	0	0	10	0	0	0	0	0	0	0	0	0	0	0	0	0	0
OTU_305	0	0	0	0	0	10	0	0	0	0	0	0	0	0	0	0	0	0	0
OTU_306	0	0	0	0	0	0	0	0	10	0	0	0	0	0	0	0	0	0	0
OTU_307	0	0	0	0	0	0	0	0	10	0	0	0	0	0	0	0	0	0	0
OTU_308	0	0	0	0	0	0	9	0	0	0	0	0	0	0	0	0	0	0	0
OTU_309	0	0	0	0	0	0	9	0	0	0	0	0	0	0	0	0	0	0	0
OTU_31	0	0	0	0	4306	1926	122	0	0	0	0	52	0	94	0	0	0	0	0
OTU_310	0	0	0	0	0	0	9	0	0	0	0	0	0	0	0	0	0	0	0
OTU_311	0	0	0	0	0	0	9	0	0	0	0	0	0	0	0	0	0	0	0
OTU_312	0	0	0	0	0	0	0	0	0	0	0	0	9	0	0	0	0	0	0
OTU_313	0	0	0	0	0	0	8	0	0	0	0	0	0	0	0	0	0	0	0
OTU_314	0	0	0	0	0	0	0	0	8	0	0	0	0	0	0	0	0	0	0
OTU_315	0	0	0	0	0	0	0	0	8	0	0	0	0	0	0	0	0	0	0
OTU_316	0	0	0	0	0	0	0	0	0	8	0	0	0	0	0	0	0	0	0
OTU_317	0	0	0	0	0	0	0	0	0	0	0	0	0	0	0	8	0	0	0
OTU_318	0	0	0	0	0	0	0	0	0	0	0	0	0	0	0	0	0	8	0
OTU_319	0	0	0	0	7	0	0	0	0	0	0	0	0	0	0	0	0	0	0
OTU_32	0	0	0	0	0	0	0	0	3053	0	0	0	107	0	0	11	0	0	0
OTU_320	0	0	0	0	0	0	7	0	0	0	0	0	0	0	0	0	0	0	0
OTU_321	0	0	0	0	0	0	0	7	0	0	0	0	0	0	0	0	0	0	0
OTU_322	0	0	0	0	0	0	0	0	7	0	0	0	0	0	0	0	0	0	0
OTU_323	0	0	0	0	0	0	0	0	7	0	0	0	0	0	0	0	0	0	0
OTU_324	0	0	0	0	0	0	0	0	0	0	7	0	0	0	0	0	0	0	0
OTU_325	0	0	0	0	0	0	0	0	0	0	7	0	0	0	0	0	0	0	0
OTU_326	0	6	0	0	0	0	0	0	0	0	0	0	0	0	0	0	0	0	0
OTU_327	0	0	0	0	6	0	0	0	0	0	0	0	0	0	0	0	0	0	0
OTU_328	0	0	0	0	0	6	0	0	0	0	0	0	0	0	0	0	0	0	0
OTU_329	0	0	0	0	0	0	6	0	5	0	0	0	0	0	0	0	0	0	0
OTU_33	0	0	0	2265	3042	0	118	0	0	7	0	0	64	241	0	0	0	0	0
OTU_330	0	0	0	0	0	0	6	0	0	0	0	0	0	0	0	0	0	0	0
OTU_331	0	0	0	0	0	0	0	6	0	0	0	0	0	0	0	0	0	0	0
OTU_332	0	0	0	0	0	0	0	0	6	0	0	0	0	0	0	0	0	0	0
OTU_333	0	0	0	0	5	0	0	0	0	0	0	6	0	0	0	0	0	0	0
OTU_334	0	0	0	0	0	0	0	0	0	0	0	0	0	0	0	6	0	0	0
OTU_335	0	5	0	5	0	0	0	0	0	0	0	0	0	0	0	0	0	0	0
OTU_336	0	0	0	5	0	0	0	0	0	0	0	0	0	0	0	0	0	0	0
OTU_337	0	0	0	0	0	0	5	0	0	0	0	0	0	0	0	0	0	0	0
OTU_338	0	0	0	0	0	0	0	0	5	0	0	0	0	0	0	0	0	0	0
OTU_339	0	0	0	0	0	0	0	0	0	0	5	0	0	0	0	0	0	0	0
OTU_34	0	10	0	0	0	0	0	0	2848	2075	161	0	265	0	0	403	57	223	138
OTU_340	0	0	0	0	0	0	0	0	0	0	0	0	0	0	0	5	0	0	0
OTU_341	0	0	0	0	0	0	0	4	0	0	0	0	0	0	0	0	0	0	0
OTU_342	0	0	0	0	0	0	0	0	4	0	0	0	0	0	0	0	0	0	0
OTU_343	0	0	0	0	3	0	0	0	0	0	0	0	0	0	0	0	0	0	0
OTU_344	2	0	0	0	0	0	0	0	0	0	0	0	0	0	0	0	0	0	0
OTU_345	0	0	0	0	2	0	0	0	0	0	0	0	0	0	0	0	0	0	0
OTU_346	0	0	0	0	0	0	2	0	0	0	2	0	0	0	0	0	0	0	0
OTU_347	0	0	0	0	0	0	0	0	2	0	0	0	0	0	0	0	0	0	0
OTU_348	0	0	0	0	0	0	0	0	2	0	0	0	0	0	0	0	0	0	0
OTU_349	0	0	0	0	0	0	0	0	0	0	2	0	0	0	0	0	0	0	0
OTU_35	2639	0	0	22	0	0	0	0	0	0	0	1270	0	0	0	0	8	0	0
OTU_350	0	0	0	0	0	0	0	0	0	0	0	0	2	0	0	0	0	0	0
OTU_351	0	0	0	0	0	0	0	0	0	0	0	0	0	0	0	2	0	0	0
OTU_36	0	0	0	58	3510	0	116	0	0	1401	0	0	18	323	0	0	0	0	0
OTU_37	0	0	0	5121	0	0	0	0	0	0	8	0	0	2305	0	0	0	0	0
OTU_38	0	0	0	0	0	0	0	0	2608	0	0	0	0	0	0	0	0	0	0
OTU_39	0	0	0	0	0	0	0	0	2580	0	0	0	0	0	0	0	0	0	0
OTU_4	0	0	0	0	0	0	3	0	174521	3983	282	0	731	0	0	43	0	0	0
OTU_40	0	0	0	1120	5	0	0	0	0	2904	0	0	0	0	0	0	0	0	0
OTU_41	0	0	0	0	0	0	0	0	0	0	0	0	0	0	0	0	0	2374	0
OTU_42	0	0	0	0	0	0	0	0	2350	0	0	0	0	0	0	0	0	0	0
OTU_43	0	0	0	3641	0	0	0	0	0	0	0	0	0	217	0	0	0	0	0
OTU_44	0	0	0	0	0	0	0	0	2199	0	0	0	0	0	0	0	0	0	0
OTU_45	0	0	0	0	0	0	0	0	0	2216	0	0	0	0	0	0	0	0	0
OTU_46	0	0	0	0	0	0	0	0	2996	0	0	0	0	0	0	0	0	0	0
OTU_47	0	0	0	2262	0	0	0	0	284	0	0	0	0	0	0	0	0	0	0
OTU_48	0	0	0	132	0	0	0	0	0	1956	0	0	0	0	0	0	0	0	0
OTU_49	0	0	0	0	0	0	0	0	1804	0	192	0	138	0	0	177	0	0	0
OTU_5	0	7	13	0	204840	0	1608	0	460	2478	0	0	18	1236	0	0	0	0	0
OTU_50	0	65	0	17	0	0	0	0	1795	583	161	0	133	0	0	325	1618	1193	333
OTU_51	0	0	0	0	0	0	0	0	2395	0	23	0	275	0	0	0	0	0	0
OTU_52	0	0	0	0	0	0	34	0	0	1822	0	0	0	0	0	0	0	0	0
OTU_53	0	0	0	0	0	0	0	0	0	3639	0	0	0	0	0	0	0	0	0
OTU_54	1507	0	0	0	0	0	0	0	61	0	0	659	0	346	0	0	0	0	0
OTU_55	0	0	0	0	0	0	0	0	530	1490	0	0	0	0	0	0	0	0	0
OTU_56	0	0	0	0	0	0	0	0	1817	1973	0	0	0	0	0	0	0	0	0
OTU_57	0	0	0	0	0	0	0	0	0	1556	0	0	0	0	0	0	0	0	0
OTU_58	0	0	0	71	0	0	0	0	1421	0	114	0	0	0	0	0	0	47	0
OTU_59	0	0	0	0	0	0	0	0	0	1744	0	0	0	0	0	0	0	0	0
OTU_6	15	0	35	0	127815	0	2836	0	2065	394	0	0	40	1416	0	0	0	0	0
OTU_60	0	0	0	0	0	0	0	0	2094	0	791	0	675	0	0	246	0	0	0
OTU_61	0	0	0	399	0	0	0	0	0	1399	0	0	0	0	0	0	0	0	0
OTU_62	0	0	0	1281	0	0	0	0	0	0	0	0	0	0	0	0	0	0	0
OTU_63	0	0	0	134	0	0	0	0	2074	0	80	0	276	0	0	52	53	412	0
OTU_64	0	0	0	0	0	0	0	0	1253	0	43	0	0	0	0	740	0	294	0
OTU_65	0	0	0	0	0	0	0	0	0	1357	0	0	0	0	0	0	369	0	0
OTU_66	0	0	0	0	1465	0	121	0	0	0	0	0	0	0	0	0	0	0	0
OTU_67	0	0	0	0	1191	0	0	0	0	0	0	0	0	0	0	0	0	0	0
OTU_68	0	83	0	0	1185	0	0	0	2	0	0	0	0	0	0	0	0	0	0
OTU_69	0	0	0	0	0	0	0	0	0	1375	0	0	0	0	0	0	0	0	0
OTU_7	0	0	0	0	0	25	0	0	32416	159398	198	0	0	0	0	0	0	0	275
OTU_70	0	0	0	0	1089	0	77	0	0	0	0	0	0	0	0	0	0	0	0
OTU_71	0	0	0	0	0	0	0	0	1492	10	363	0	18	0	0	0	0	0	0
OTU_72	0	0	0	0	1783	0	27	0	0	0	0	0	0	0	0	0	0	0	0
OTU_73	0	0	0	0	0	0	0	0	1376	0	0	0	46	0	0	66	0	130	222
OTU_74	0	0	0	1021	950	0	0	0	0	902	0	0	0	0	0	0	0	0	0
OTU_75	0	0	0	1168	0	0	0	0	0	1039	0	0	0	301	0	0	0	0	0
OTU_76	0	0	0	0	0	0	0	0	1252	13	32	0	143	0	6	27	0	51	7
OTU_77	0	0	0	0	0	0	0	0	1484	0	0	0	0	0	0	0	0	0	0
OTU_78	0	0	0	883	0	0	0	0	11	0	0	0	0	0	0	0	0	0	0
OTU_79	0	0	0	0	0	0	0	0	0	879	0	0	0	0	0	0	0	0	0
OTU_8	0	122	0	28118	0	0	8	0	131745	5365	4762	0	32983	1984	0	17073	5504	8238	0
OTU_80	0	0	0	0	0	0	0	0	836	0	0	0	0	0	0	0	0	0	0
OTU_81	0	2	0	0	0	0	0	0	936	288	41	0	89	0	0	476	29	22	0
OTU_82	0	0	0	1359	0	0	0	0	0	0	0	0	0	0	0	0	0	0	0
OTU_83	0	0	0	0	2004	0	570	0	7	0	0	0	0	0	0	0	0	0	0
OTU_84	0	0	0	0	0	0	0	0	783	0	0	0	0	0	0	0	0	0	0
OTU_85	0	0	0	0	0	0	0	0	775	210	17	0	15	0	0	543	672	0	0
OTU_86	843	0	0	0	0	0	0	0	0	0	0	672	0	0	0	0	0	0	0
OTU_87	0	0	0	0	749	0	306	0	24	34	0	0	7	0	0	0	0	0	0
OTU_88	0	0	0	7	0	0	0	0	729	0	0	0	0	0	0	0	0	0	0
OTU_89	0	0	0	0	0	0	0	0	717	0	0	0	0	0	0	0	0	0	0
OTU_9	53376	0	0	13	0	0	59	0	0	147	0	13654	0	389	0	0	0	0	0
OTU_90	0	0	0	0	714	0	0	0	0	0	0	0	0	0	0	0	0	0	0
OTU_91	0	0	0	0	0	0	0	0	879	0	19	0	20	0	0	0	17	0	0
OTU_92	0	0	0	707	0	0	0	0	0	0	0	0	0	0	0	0	0	0	0
OTU_93	0	0	0	409	0	0	0	0	0	729	0	0	0	0	0	0	0	0	0
OTU_94	27	6	11	184	90	216	19	72	7	691	32	0	0	556	0	6	0	0	0
OTU_95	0	0	0	133	0	0	0	0	0	766	0	0	0	0	0	0	0	0	0
OTU_96	0	0	0	0	0	0	0	0	0	658	121	0	22	0	40	6	13	0	92
OTU_97	0	0	0	0	643	0	42	0	0	0	0	0	0	0	0	0	0	0	0
OTU_98	504	0	0	0	0	0	0	0	0	0	0	641	0	0	0	0	0	0	0
OTU_99	0	0	0	0	1491	0	57	0	0	217	0	0	0	0	0	0	0	0	0
