#OTU ID	SRR15655215	SRR15655218	SRR15655221	SRR15655225	SRR15655228	SRR15655231	SRR15655234	SRR15655235	SRR15655241	SRR15655244	SRR15655248	SRR15655251	SRR15655254	SRR15655258	SRR15655261	SRR15655264	SRR15655267	SRR15655268	SRR15655271	SRR15655274	SRR15655277	SRR15655281	SRR15655284	SRR15655287	SRR15655291	SRR15655294	SRR15655297	SRR15655300
ASV_1	   19	    0	    0	    0	    0	 2982	 3642	    8	    0	    5	    0	    0	    2	   10	 4855	    0	    0	82861	  783	    4	 2745	    0	   76	    0	    4	    0	28679	   32
ASV_2	   32	    5	   17	    0	    0	 1713	 2086	   37	   96	   75	   75	  127	   20	   33	 2835	    0	   34	48454	  512	   78	 1702	   18	   57	   49	   49	    0	17918	   35
ASV_3	    0	    0	  154	    0	    0	    0	    0	    0	    0	    0	    0	    0	    0	    0	    0	    0	    0	   19	    0	    0	    0	    0	    0	    0	    0	    0	25372	    0
ASV_4	    0	    0	   93	    0	    0	    0	    0	   18	    0	    0	    0	    0	    0	    9	    0	    0	    0	  127	    0	    0	    0	    0	    0	    0	    5	    0	13696	   44
ASV_5	  106	    0	    0	    0	    0	    0	    0	    0	  550	    0	    0	    0	    0	    0	    0	    0	    0	    0	  678	    0	    0	  579	    0	    0	    0	    0	10418	    0
ASV_6	   0	   0	  18	   2	   0	   0	   0	   0	2117	   0	2842	1710	   0	   0	   0	   0	   0	  22	   0	   0	   0	  27	   0	 842	   0	   0	  22	   0
ASV_7	  71	   0	   0	   0	   0	   0	   0	   4	 261	   0	   0	   0	   0	   0	   0	   0	   0	  29	 408	   0	   0	 323	   0	   0	   0	   0	5840	   0
ASV_8	 334	   0	   0	   0	   0	2271	   0	   0	   0	   0	   0	   0	   0	1386	   0	   0	 381	   0	   0	   0	   0	   0	   0	2211	   0	   0	   0	   0
ASV_9	   0	   0	   0	   0	   0	   0	   0	   0	   0	3291	   3	   0	   0	   0	   3	   0	   0	  31	   0	3200	   0	   0	   0	   0	   0	   0	   0	   0
ASV_10	   9	   0	  22	   6	   0	  90	  36	   0	1442	  73	2072	1222	  10	  14	  50	   0	  20	  26	  24	  73	  66	  25	  11	 637	  17	   0	  25	   0
ASV_11	   0	   0	   9	   0	   0	  82	  50	   0	  65	2664	  53	  93	  16	  16	  17	   0	  19	  20	  29	2425	  46	  15	  14	  23	  23	   0	   0	   0
ASV_12	   0	   0	  59	   8	   0	   6	   0	 205	   0	   0	   0	   0	  44	   0	   0	   0	   0	  30	   0	   0	   0	   0	   0	   0	  14	   0	  51	5035
ASV_13	   2	   0	  83	   9	  34	  27	   0	4036	   0	   0	   0	  23	  20	   0	   0	   0	   0	   0	   0	   9	   0	   6	   0	   2	  18	   0	   0	 139
ASV_14	 913	   6	   0	   0	   0	   0	  17	   0	 532	   0	1930	   0	   0	 133	   0	   0	   0	   0	 338	   0	   0	 171	   7	   0	   0	   0	   0	   0
ASV_15	   0	   0	 368	  13	  56	 578	   0	  14	   0	   4	  10	   0	 340	1273	  26	   0	 217	  57	 501	   0	   0	   0	   0	  30	   4	   0	   0	 188
ASV_16	 146	   0	   0	   0	   0	1144	   8	   0	   0	   0	   0	   0	  16	 840	   0	   0	 214	   0	   0	   0	   2	   0	   0	1222	   0	   0	   0	   0
ASV_17	  20	   0	 373	   0	   0	 829	   0	   0	   4	   0	   0	  16	   0	 571	   0	   0	  96	   0	1549	   0	   0	  12	   0	   0	   0	   0	   0	  53
ASV_18	   0	   0	  25	   0	   0	   5	   0	 126	   0	   0	   0	   0	   0	   0	   0	   4	   0	  71	   0	   0	   0	   0	   0	   0	   0	   0	 446	2777
ASV_19	   0	   0	   0	   0	   0	   0	   0	   0	   0	   0	   0	   0	   0	   0	   0	   0	   0	2287	   0	   0	   0	   0	   0	   0	   0	   0	 784	   0
ASV_20	  0	  0	273	  0	 53	477	  0	  8	 13	  0	 17	 50	249	888	 23	  0	171	 43	363	 49	  7	 14	 26	 33	  0	  0	 20	147
ASV_21	229	  0	  0	  0	  0	  0	  0	  0	  0	  0	  0	  0	  0	833	  0	  0	963	  0	621	  0	  0	  0	  0	  0	  0	  0	  6	  0
ASV_22	   0	   0	  31	   5	  30	  15	   0	2269	   0	   0	   0	  11	  17	   0	   0	   0	   0	  58	   0	   0	   0	   0	   0	   0	  13	   0	  78	  68
ASV_23	 503	   0	  11	   0	   0	   0	   0	   0	 308	   0	1065	   0	   0	  85	   0	   0	  26	   0	 220	   0	   0	 125	  12	   0	  19	   0	   0	   0
ASV_24	 24	  0	286	  3	  0	604	  0	  0	  0	  8	  0	  0	  0	372	  0	  0	 64	  0	950	  0	  0	  0	  0	  0	 50	  0	  0	  0
ASV_25	   0	   0	   0	   0	   0	   0	   0	   0	   0	   0	   0	   0	   0	   0	   0	   0	2320	   0	   0	   0	   0	   0	   0	   0	   0	   0	   0	   0
ASV_26	   0	   0	   0	   0	   0	   0	   0	   0	   0	   0	   0	   4	2116	   0	   0	   0	   8	   0	   0	   0	   0	   0	   0	   0	   0	   0	   0	   0
ASV_27	 690	   0	   0	   0	   0	   0	   0	   0	   0	   0	   0	   0	   0	1191	   0	   0	 160	   0	   0	   0	   0	   0	   0	   0	   0	   0	   0	   0
ASV_28	   0	   0	   0	   0	   0	   0	   0	   0	   0	   0	   0	   0	   0	   0	   0	   0	   0	1376	   0	   0	   0	   0	   0	   0	   0	   0	 532	   0
ASV_29	471	  0	  0	  0	  0	  0	  0	  0	  0	  0	  0	  0	  0	847	  0	  0	466	  0	  0	  0	  0	  0	  0	  0	  0	  0	  0	  0
ASV_30	   0	   0	1228	   0	   0	   0	   0	   0	   0	   0	   0	   0	   0	   0	   0	   0	   0	   0	  42	   0	   0	 343	  65	   0	   8	   0	   0	  15
ASV_31	   0	   4	   9	   0	   0	  14	   0	   0	   0	   0	   0	   6	  24	  13	   0	   0	1501	   0	  37	   6	   0	   0	   0	   0	  52	   0	   0	   0
ASV_32	   0	   0	  12	   0	   0	  10	   0	   0	   0	   0	   0	  17	1465	   6	   0	   0	  24	   0	  29	   0	   0	   0	   8	   0	  33	   0	   0	   0
ASV_33	  24	   0	   0	   0	   0	   0	   0	   0	  41	   0	   0	  41	   0	   0	   0	   0	   0	   0	   0	   0	   0	   0	   0	   0	   0	   0	1349	   0
ASV_34	   0	   0	   0	   0	   0	   0	   0	   0	   0	   0	   0	   0	1441	   0	   0	   0	   0	   0	   0	   0	   0	   0	   0	   0	   0	   0	   0	   0
ASV_35	  0	  0	  3	  0	  0	110	  0	  0	  0	  0	  0	642	  0	  0	  0	  0	 78	  0	444	  0	  0	 38	  0	  0	  0	  0	  0	  5
ASV_36	 81	  0	  6	  0	  0	 12	  6	  0	  0	  3	  0	 15	 15	412	  6	  0	435	  0	254	  6	  0	  0	  6	  0	 19	  0	  0	  0
ASV_37	345	  4	  0	  0	  0	  0	  0	  0	117	  0	 44	  0	  0	359	  0	  0	134	  0	198	  0	  0	  0	  0	  0	  0	  0	  0	  4
ASV_38	252	  0	  3	  0	  0	 11	  6	  0	  5	  4	  0	 23	 12	575	  4	  0	261	  0	  0	  7	  5	  0	 14	  0	 21	  0	  0	  0
ASV_39	  6	  0	  0	  0	  0	  0	  0	 11	 22	  0	  0	 17	  0	  0	  0	  0	  0	100	  0	  0	  0	  0	  0	  0	  3	  0	903	  4
ASV_40	  0	  0	225	  0	  0	119	188	  0	  0	  0	  0	499	  0	  0	  0	  0	  0	  0	  0	  0	  0	  0	  0	  0	  0	  0	  0	  0
ASV_41	   0	   0	1020	   0	   0	   0	   0	   0	   0	   0	   7	   0	   0	   0	   0	   0	   0	   0	   0	   0	   0	   0	   0	   0	   0	   0	   0	   0
ASV_42	  9	  6	  0	  0	  0	 14	  0	  0	  0	  0	  0	 32	875	  6	  0	  0	  0	  0	  0	  7	  0	  0	 14	  0	 58	  0	  0	  0
ASV_43	  0	  0	699	  0	  0	  8	  0	  0	  6	  0	  0	  0	  0	  6	  0	  2	  0	  0	 30	  0	  0	205	 43	  0	  0	  0	  0	  0
ASV_44	295	  0	  0	  0	  0	 10	  0	  0	  0	  0	  0	 11	 13	516	  0	  0	104	  0	  0	  0	  0	  0	  0	  2	 24	  0	  0	  0
ASV_45	  6	  0	 15	  0	  0	 64	  0	  0	  0	  0	  0	374	 35	  8	  3	  0	 65	  0	276	  0	  0	 23	  0	  0	 16	  0	  0	  0
ASV_46	  0	  9	 14	  5	  0	  0	  0	721	 14	  0	  0	  8	 31	  0	  0	  5	  0	  0	  0	  0	  0	 14	  0	  0	 13	  0	  0	 11
ASV_47	 90	  0	152	  0	  0	103	  0	  0	  0	  0	  0	 41	  0	127	  0	  0	176	  0	151	  0	  0	  0	  0	  0	  0	  0	  0	  0
ASV_48	  0	  0	  0	  0	  0	  0	  0	  0	  0	  0	  0	676	  0	  0	  0	  0	114	  0	  0	  0	  0	  0	  0	  0	  0	  0	  0	  0
ASV_49	  0	  0	  0	  0	  0	  0	  0	 14	  0	  0	  0	  0	  0	  0	  0	  0	  0	 89	  0	  0	  0	  0	  0	  0	  0	  0	648	 19
ASV_50	  0	 75	 20	 10	 28	  0	  0	  0	  8	 12	  0	  0	  0	  0	  0	  4	  0	  6	  0	 28	  0	  6	  4	  0	  4	  0	 20	496
ASV_51	180	  3	  5	  0	  0	  0	  0	  0	 68	  0	 26	 12	  9	217	  0	  0	 61	  0	105	  0	  0	  0	  7	  0	 19	  0	  0	  0
ASV_52	  0	  0	 44	  0	 18	  0	  0	432	  4	  0	  0	  8	 57	  0	  0	  8	  0	 16	  0	 15	  0	  7	  0	  4	  0	  0	  0	 85
ASV_53	239	  0	  0	  0	  0	  0	  0	  0	  0	  0	  0	  0	  0	  0	  0	  0	  0	  0	  0	  0	  2	  0	  0	  0	419	  0	 32	  0
ASV_54	  0	  0	612	  0	  0	  3	  0	  0	  0	  0	  0	  6	 13	  0	  3	  0	  5	  0	 12	  0	  0	  0	  3	  0	 17	  0	  0	  0
ASV_55	  0	  6	  0	  0	 13	  0	  0	  0	  0	  0	  0	  0	520	  0	  0	  5	  0	  0	  0	  7	  0	  0	  0	  0	 56	  0	  0	 62
ASV_56	  0	  3	  0	  3	  0	  0	  0	  0	  0	  0	  0	  0	  0	  0	  0	  0	  0	  0	  0	  0	  0	  0	  0	  0	654	  0	  0	  0
ASV_57	  0	  0	  0	  0	  0	  0	  0	  0	  0	  0	  0	  0	  0	  0	  0	  0	  0	  0	  0	  0	  0	  0	  0	  0	  0	  0	653	  0
ASV_58	  0	  0	  0	  0	  0	  0	  0	  0	  0	  0	  0	  0	  0	  0	  0	  0	  0	  0	  0	  0	  0	  0	  0	  0	  0	  0	652	  0
ASV_59	196	  0	  0	  0	  0	 19	  0	  0	  0	  0	  0	 16	 20	  0	  0	  0	 74	  0	  0	  0	  0	  7	  9	  0	261	  0	 41	  0
ASV_60	  0	460	  0	  0	  0	  0	  0	  0	  0	  0	  0	  0	  0	  0	  0	  0	  0	  0	  0	  0	  0	  0	170	  0	  0	  0	  0	  0
ASV_61	  0	  0	  0	  0	  0	  0	  0	  0	  0	  0	  0	  0	  0	619	  0	  0	  0	  0	  0	  0	  0	  0	  0	  0	  0	  0	  0	  0
ASV_62	  0	  0	  0	  0	  0	  0	  0	  0	  0	  0	  0	  0	  0	  0	  0	  0	  0	  0	606	  0	  0	  0	  0	  0	  0	  0	  0	  0
ASV_63	  0	  0	  0	  0	  0	 83	  0	  0	  0	125	  0	  0	  0	  0	  0	  0	  0	  0	  0	  0	136	163	  0	  0	  0	  0	 69	  0
ASV_64	  0	198	 32	  0	 18	 36	  0	  6	  0	  3	  0	 29	228	  0	 13	  0	  0	  0	  0	  0	  0	  0	  0	  0	  0	  0	  0	  0
ASV_65	 10	  0	  0	  0	  0	  0	  0	  0	  0	  0	  0	432	 18	  0	  0	  0	 71	  0	 24	  0	  0	  0	  6	  0	  0	  0	  0	  0
ASV_66	  0	  0	  0	  0	  0	119	  0	  0	  0	  0	  0	438	  0	  0	  0	  0	  0	  0	  0	  0	  0	  0	  0	  0	  0	  0	  0	  0
ASV_67	  2	  0	  0	  0	  0	131	  0	  0	  0	  0	  0	412	  0	  0	  0	  0	  0	  0	  0	  0	  0	  0	  0	  0	  0	  0	  0	  0
ASV_68	  0	  0	  0	  0	  0	  0	  0	  0	  0	  0	  0	  0	  0	  0	  0	  0	  6	  0	  0	  0	  0	  0	  0	  0	  0	  0	539	  0
ASV_69	  4	  0	121	  0	  0	 53	 81	  0	  7	  0	  0	229	  5	  7	  0	  0	  7	  0	  0	  0	  4	  0	 11	  0	  9	  0	  0	  0
ASV_70	  4	  0	  0	  0	  0	 78	  3	  0	  8	 77	  7	 15	  0	  0	  6	  0	  0	 25	  5	 13	129	101	  0	  6	  0	  0	 43	  0
ASV_71	  0	  0	 15	  0	  0	  0	  0	385	  0	  0	  0	  0	 35	  0	  0	  0	  6	 14	  0	  0	  0	  7	  0	  0	  7	  0	 25	  6
ASV_72	286	  4	  2	  0	  0	  0	  0	  0	  0	  0	  0	  0	  0	  0	  0	  0	  0	  0	168	  0	  0	  0	  0	  0	  0	  0	  0	 39
ASV_73	  0	  0	  0	  0	  0	  0	  0	  0	  0	  0	  0	481	  0	  0	  0	  0	  0	  0	  0	  0	  0	  0	  0	  0	  0	  0	  0	  0
ASV_74	  0	 25	 10	  3	 12	  4	  0	 34	  0	  0	  0	  3	  3	  0	  0	  0	  0	 47	  0	  8	  0	  0	  0	  0	  5	  0	151	162
ASV_75	  0	  0	  0	  0	  0	  0	  0	  0	  0	  0	  0	  0	  0	  0	  0	  0	  0	  0	  0	  0	447	  0	  0	  0	  0	  0	  0	  0
ASV_76	  7	261	  6	  0	  0	 10	  0	  0	  0	  0	  0	 11	  0	  0	  0	  0	  9	  0	  0	  0	  0	  0	102	  0	 21	  0	 16	  0
ASV_77	  0	 10	  0	  0	  0	  0	  0	 10	  0	  0	  0	  0	242	  0	  0	  0	 22	 20	  0	  6	  0	  0	  0	  0	 38	  0	 43	 35
ASV_78	  0	  0	  0	  0	  0	  0	  0	  0	  0	  0	  0	  0	  0	  0	  0	  0	  0	  0	415	  0	  0	  0	  0	  0	  0	  0	  0	  0
ASV_79	  0	  0	  0	  0	  0	  0	  0	  0	  0	  0	  0	  0	  0	  0	  0	  0	  0	  0	  0	  0	  0	  0	  0	  0	  0	  0	410	  0
ASV_80	  0	  0	  0	  0	  0	  0	  0	  0	  0	  0	  0	  0	  0	405	  0	  0	  0	  0	  0	  0	  0	  0	  0	  0	  0	  0	  0	  0
ASV_81	  0	  0	  0	  0	  0	  0	  0	204	  0	  0	  0	  0	  0	  0	  0	  0	  0	  0	  0	  0	  0	  0	  0	  0	  0	  0	  6	180
ASV_82	  0	  0	  0	  0	  0	  0	  0	  0	  0	  0	  0	  0	  0	  0	  0	  0	  0	  0	  0	  0	  0	  0	  0	  0	  0	  0	390	  0
ASV_83	  0	  0	  0	  0	  0	  0	  0	  0	  0	  0	  0	  0	  0	  0	  0	  0	  0	  0	  0	  0	  0	  0	311	  0	 58	  0	  0	 14
ASV_84	35	 0	70	 0	 0	41	 0	 0	 8	 0	 0	18	10	60	 0	 0	74	 0	58	 0	 0	 5	 0	 0	 0	 0	 0	 0
ASV_85	  0	  0	  0	  2	  0	  0	  0	  0	  0	  0	  0	 96	  0	  0	  0	  0	  0	  0	  0	  0	  0	  0	  0	  0	266	  0	  0	  0
ASV_86	  0	  0	  0	  0	  3	  0	  0	  0	  0	  0	  0	 18	  0	  0	  0	  0	 16	  0	  0	  0	  0	  0	 10	  0	315	  0	  0	  0
ASV_87	  0	  0	  0	  0	  0	107	  0	  0	  6	  0	  0	 39	  0	  0	  0	 13	  0	  0	  0	  0	  0	  0	  0	  0	170	  0	  0	  0
ASV_88	  7	  0	  0	  0	  0	113	  0	  0	  0	  0	  0	129	  0	  0	  0	  0	 14	  0	 63	  0	  0	  6	  0	  0	  0	  0	  0	  0
ASV_89	  8	113	 20	  0	 17	 32	  0	  0	  0	  0	  3	 13	116	  3	  5	  0	  0	  0	  0	  0	  0	  0	  0	  0	  0	  0	  0	  0
ASV_90	  0	  0	 29	  0	 13	  0	  0	168	  5	  0	  0	  0	 27	  0	  0	  0	  0	 14	  0	  0	  0	  4	  0	  0	 12	  0	 19	 27
ASV_91	  0	  0	  0	  0	  0	 25	  0	 18	  0	  0	  0	  0	251	  0	  0	  0	  0	  0	  0	  6	  0	  6	  0	  0	  9	  0	  0	  0
ASV_92	188	  7	  0	  0	  0	  0	  0	  0	  0	  0	  0	  0	  0	  0	  0	  0	  0	 14	105	  0	  0	  0	  0	  0	  0	  0	  0	  0
ASV_93	  0	287	  0	  0	  7	  0	  0	 17	  0	  0	  0	  0	  0	  0	  0	  0	  0	  0	  0	  0	  0	  0	  0	  0	  0	  0	  0	  0
ASV_94	 73	  0	  0	  0	  0	  0	  0	  0	  0	  0	  0	  0	  0	235	  0	  0	  0	  0	  0	  0	  0	  0	  0	  0	  0	  0	  0	  0
ASV_95	  0	  0	  0	  0	  0	  0	  0	  0	  0	  0	  0	253	 23	  0	  0	  0	  0	  0	  6	  0	  0	  0	  9	  0	 12	  0	  0	  0
ASV_96	  0	  0	  0	  0	  0	  0	  0	  0	  0	  0	  0	  0	  0	  0	  0	  7	  0	  0	  0	  0	  0	  0	276	  0	  9	  0	  0	  0
ASV_97	  0	  0	  0	  0	  0	  0	  0	  0	  0	  0	  0	  0	  0	  0	  0	  0	  0	  0	  0	  0	  0	  0	  0	  0	  0	  0	289	  0
ASV_98	 19	  0	  0	  0	  0	 21	  0	  0	  0	  0	  0	 41	  9	  0	  0	  0	 32	  0	  5	  0	  0	  0	  0	112	  0	  0	  0	 46
ASV_99	 17	  0	  0	  0	  0	  0	  0	  0	  0	  0	  0	116	 69	  0	  0	  0	  0	  0	 83	  0	  0	  0	  0	  0	  0	  0	  0	  0
ASV_100	  0	  0	  0	  0	  0	  0	  0	  0	  0	  0	  0	  0	  0	  0	  0	  0	  0	  0	282	  0	  0	  0	  0	  0	  0	  0	  0	  0
ASV_101	  0	  0	  0	  0	  0	  0	  0	  0	  0	  0	  0	  0	  0	  0	  0	  0	  0	  0	  0	  0	  0	  0	  0	  0	275	  0	  0	  0
ASV_102	  0	  0	  0	  0	  0	  0	  0	  0	  0	  0	  0	  0	  0	  0	  0	  0	  4	  0	  0	  0	  0	  0	  0	  0	  0	  0	269	  0
ASV_103	  0	  0	  0	  0	  0	  0	  0	  0	 12	  0	  0	  0	  0	  0	  0	  0	  0	 10	 22	  0	  0	  0	  0	  0	  0	  0	 20	206
ASV_104	  6	  0	  0	  0	  0	 68	  0	  0	  0	  0	  0	171	 11	  0	  0	  0	  9	  0	  0	  0	  0	  0	  3	  0	  0	  0	  0	  0
ASV_105	  0	  0	  0	  0	  0	 53	  0	  0	  0	  0	  0	206	  0	  3	  0	  0	  0	  0	  0	  0	  0	  0	  0	  0	  4	  0	  0	  0
ASV_106	  0	  0	  0	  0	  0	  0	  0	 12	  0	  0	  0	  0	109	  0	  0	  0	  0	 44	  7	  0	  0	  0	  0	  0	  0	  0	 76	 18
ASV_107	262	  0	  0	  0	  0	  0	  0	  0	  0	  0	  0	  0	  0	  0	  0	  0	  0	  0	  0	  0	  0	  0	  0	  0	  0	  0	  0	  0
ASV_108	  0	  0	  0	  0	  0	  0	  0	131	  0	  0	  0	  0	  0	  0	  0	  0	  0	  0	  0	  0	  0	  0	  0	  0	  0	  0	  8	123
ASV_109	  0	  0	  0	  0	  0	  0	  0	  0	  0	  0	  0	  0	  0	  0	  0	  0	  0	  0	  0	  0	  0	  0	  0	  0	249	  0	  0	  0
ASV_110	  0	  0	  0	  0	  0	  0	  0	  0	  0	  0	  0	  0	  0	  0	  0	  0	  0	  0	  0	  0	246	  0	  0	  0	  0	  0	  0	  0
ASV_111	 0	 0	 0	 0	 0	 0	 0	 8	 0	 0	 0	 6	 0	 0	 0	 6	 0	32	 0	 0	 0	 0	93	 0	41	 0	55	 0
ASV_112	  0	  0	  0	  0	  0	  0	  0	  0	  0	  0	  0	  0	  0	  0	  0	 17	  0	  0	  0	  0	  0	  0	147	  0	 70	  0	  0	  0
ASV_113	  2	  0	  0	  0	  0	 84	  0	  0	  0	  0	  0	 18	103	  0	  0	  0	  0	  0	  0	  0	  0	  0	  0	  0	 18	  0	  0	  5
ASV_114	  0	 13	  0	  0	  6	  3	  0	  9	  7	  0	  0	  0	  0	  0	  0	  0	  0	  0	 15	  0	  0	  0	  0	  0	161	  0	  3	  8
ASV_115	  0	  0	  0	  0	  0	  0	  0	  7	  4	  0	  0	  0	  0	  0	  0	  0	  0	 44	  0	  0	  0	  0	  0	  0	  0	  0	 61	109
ASV_116	  0	  0	  0	  0	  0	  0	  0	  0	  0	  0	  0	  0	  0	  0	  0	  0	  0	  0	  0	  0	  0	  5	216	  0	  0	  0	  0	  0
ASV_117	  0	219	  0	  0	  0	  0	  0	  0	  0	  0	  0	  0	  0	  0	  0	  0	  0	  0	  0	  0	  0	  0	  0	  0	  0	  0	  0	  0
ASV_118	217	  0	  0	  0	  0	  0	  0	  0	  0	  0	  0	  0	  0	  0	  0	  0	  0	  0	  0	  0	  0	  0	  0	  0	  0	  0	  0	  0
ASV_119	  0	  0	  0	  0	  0	 16	  0	 17	 10	  0	  0	  5	118	  0	  0	  0	  7	  6	  0	  0	  0	  0	  6	  0	  7	  0	 18	  0
ASV_120	  0	  0	  5	  0	  0	  0	  0	  6	  0	  0	  0	 52	  0	  0	  0	  0	 22	  0	  0	  0	  0	  0	  0	  0	122	  0	  0	  0
ASV_121	 0	 0	 0	 0	 0	37	 0	17	 0	 0	 0	 0	 5	 0	 0	 4	 0	29	 0	 2	 0	 0	 0	 0	40	 0	71	 0
ASV_122	  0	  0	  0	  0	  0	  0	  0	  0	  7	  0	  0	  0	 17	  0	  0	  0	  0	  0	  0	  0	  0	  0	137	  0	 42	  0	  0	  0
ASV_123	 0	11	 0	12	 6	 0	 0	81	 0	 0	 0	 0	 0	 0	 0	 5	 0	 0	 0	 0	 0	 0	 4	 0	 0	13	 0	66
ASV_124	  0	  0	  0	  4	  0	110	  0	  3	  0	  0	  0	  5	  6	  0	  0	  0	  0	  0	  0	 30	  0	  0	  0	  0	  7	  0	 24	  9
ASV_125	  0	  0	  0	  0	  0	  0	  0	  0	  0	  0	  0	  0	  0	  0	  0	  0	  0	  0	  0	  0	  0	  0	  0	  0	  0	  0	195	  0
ASV_126	 6	 0	 0	 0	 0	 7	 0	 0	 0	 0	 0	50	66	 0	 0	 2	 6	 0	38	 0	 0	 0	 9	 0	 4	 0	 0	 0
ASV_127	  0	  0	  0	  0	  0	  0	  0	  0	  0	  0	  0	  9	  8	  0	  0	  0	  0	 13	  0	  0	  0	  0	  0	  0	121	  0	 24	 12
ASV_128	  0	  0	  0	  0	  0	  0	  0	  0	  0	  0	  0	  0	  0	  0	  0	  0	186	  0	  0	  0	  0	  0	  0	  0	  0	  0	  0	  0
ASV_129	  0	  0	  0	  0	  0	  0	  0	  0	  0	  0	  0	  0	  0	  0	  0	  0	  0	  0	  0	  0	  0	  0	  0	  0	121	  0	  0	 64
ASV_130	  0	  0	 30	  0	  0	  0	  0	  0	  0	  0	  0	  0	117	  0	  0	  0	  0	  0	  6	  0	  0	  0	  0	  0	  0	  0	  0	 30
ASV_131	  0	  0	  0	  0	  0	  0	  0	  0	  0	  0	  0	  0	134	  0	  0	  0	  0	 14	  0	  4	  0	  0	  0	  0	  0	  0	 14	 13
ASV_132	 37	  0	  0	  0	  0	  0	  0	  0	  0	  0	  0	  0	  0	130	  0	  0	  0	  0	  0	  0	  0	  0	  0	  0	  0	  0	  0	  0
ASV_133	  0	  0	  0	  0	 21	  0	  0	  0	  0	  0	  0	  0	  0	  0	  0	  0	  0	  0	  0	  0	  0	  0	  0	  0	  0	  0	  0	146
ASV_134	 0	 0	 0	 0	 0	 0	 0	63	 0	 5	 5	 4	 0	 0	 0	 8	 0	 0	 0	10	 0	 0	 0	 3	 0	 0	 0	68
ASV_135	31	 0	 0	 0	 0	10	 0	87	 6	 0	 0	 0	 8	 0	 2	10	 0	 0	11	 0	 0	 0	 0	 0	 0	 0	 0	 0
ASV_136	  0	  0	  0	  0	  0	  0	  0	  0	  0	  0	  0	163	  0	  0	  0	  0	  0	  0	  0	  0	  0	  0	  0	  0	  0	  0	  0	  0
ASV_137	  0	 38	  0	  0	  0	  0	  0	  0	  0	  0	  0	  0	  0	  0	  0	  0	  0	  0	  0	  0	  0	  0	116	  0	  7	  0	  0	  0
ASV_138	  0	  0	  0	  0	  0	  0	  0	  0	  0	  0	  0	  0	  0	  0	  0	  0	  0	  0	  0	  0	  0	  0	154	  0	  0	  0	  0	  0
ASV_139	 0	 0	 0	 0	 0	 0	 0	 4	 0	 0	 0	 0	 0	 0	 0	 0	 0	60	 0	 0	 0	 0	 0	 0	 0	 0	83	 6
ASV_140	151	  0	  0	  0	  0	  0	  0	  0	  0	  0	  0	  0	  0	  0	  0	  0	  0	  0	  0	  0	  0	  0	  0	  0	  0	  0	  0	  0
ASV_141	 0	 9	 0	 0	 3	21	 0	 5	10	 0	 0	 0	 0	 0	 0	 0	 0	 9	 0	 0	 0	 0	 0	 0	75	 0	17	 0
ASV_142	  0	  6	  0	  0	  0	  0	  0	  0	  0	  0	  0	  0	  0	  0	  0	  0	  0	  0	  0	  0	  0	  0	  0	  0	  0	  0	142	  0
ASV_143	 0	 0	 0	 0	 0	47	 0	 0	 0	 0	 0	66	 0	 0	 0	 0	 0	 0	32	 0	 0	 3	 0	 0	 0	 0	 0	 0
ASV_144	 0	 0	 0	 0	 0	10	 0	 0	 0	 0	 0	17	 0	 0	 0	 0	25	 0	 8	 4	 0	 0	 0	49	 0	 0	12	23
ASV_145	 0	 0	 0	 0	 0	 0	 0	 0	 0	 0	 0	 0	 0	 0	 0	 0	 0	43	 0	 0	 0	 0	 0	 0	 0	 0	69	36
ASV_146	  0	  0	146	  0	  0	  0	  0	  0	  0	  0	  0	  0	  0	  0	  0	  0	  0	  0	  0	  0	  0	  0	  0	  0	  0	  0	  0	  0
ASV_147	  0	  0	  0	  0	  0	  0	  0	  0	  0	  0	  0	  0	  0	  0	  0	  0	  0	  0	  0	  5	  0	  0	139	  0	  0	  0	  0	  0
ASV_148	  0	  0	  0	  0	  0	  0	  0	  0	  0	  0	  0	  0	  0	  0	  0	  0	  0	  0	  0	  0	  0	  0	  9	  0	135	  0	  0	  0
ASV_149	141	  0	  0	  0	  0	  0	  0	  0	  0	  0	  0	  0	  0	  0	  0	  0	  0	  0	  0	  0	  0	  0	  0	  0	  0	  0	  0	  0
ASV_150	  0	  0	  0	  0	  0	  0	  0	  0	  0	  0	  0	  0	  0	  0	  0	  0	  0	  0	  0	  0	  0	  0	  0	  0	  0	  0	  0	141
ASV_151	  0	  0	  0	  0	  0	  0	  0	  5	  0	  0	  0	  0	  0	  0	  0	  0	  0	  0	  0	  0	  0	  0	115	  0	 10	  0	 10	  0
ASV_152	67	 0	 0	 0	 0	 0	 0	 0	72	 0	 0	 0	 0	 0	 0	 0	 0	 0	 0	 0	 0	 0	 0	 0	 0	 0	 0	 0
ASV_153	 0	 0	 0	 0	 0	 0	 0	67	 0	 0	 0	 0	 0	 0	 0	 0	 0	 0	 0	 0	 0	 0	 0	 0	 0	 0	 4	64
ASV_154	  0	  0	  0	  0	  0	  0	  0	  0	  0	  0	  0	  0	131	  0	  0	  0	  0	  0	  0	  0	  0	  0	  0	  0	  0	  0	  0	  0
ASV_155	  0	  0	  0	  0	  0	  0	  0	  0	  0	  0	  0	  0	  0	  0	  0	 11	  0	  0	  0	  0	  0	  0	118	  0	  0	  0	  0	  0
ASV_156	  0	  0	  0	  0	  0	  0	  0	  0	  0	  0	  0	  0	  0	  0	  0	  0	 10	  0	  0	  0	  0	  0	118	  0	  0	  0	  0	  0
ASV_157	 0	 0	 0	 0	 0	 0	 0	 6	 0	 0	 0	 0	 0	 0	 0	 0	 0	40	 0	 0	 0	 0	 0	 0	 0	 0	80	 0
ASV_158	  0	  0	  0	  0	 11	  0	  0	  0	  0	  0	  0	  0	  0	  0	  0	  0	  0	  0	  0	  0	  0	  0	  0	  0	  0	  0	  0	114
ASV_159	 0	 0	 0	 3	 0	84	 0	 0	 0	 0	 0	 0	 0	 0	 0	 0	 0	 0	 0	37	 0	 0	 0	 0	 0	 0	 0	 0
ASV_160	 0	 0	 0	 0	 3	25	 0	 0	 0	 2	 0	13	67	 0	 0	 0	 0	 0	 0	 2	 0	 0	 0	 0	10	 0	 0	 0
ASV_161	  0	  0	  0	  0	  0	  0	  0	  0	  0	  0	  0	  0	  0	  0	  0	  0	  0	  0	  0	  0	  0	  0	  0	  0	117	  0	  0	  0
ASV_162	  0	  0	  0	  0	  0	  0	  0	  0	  0	  0	  0	  0	  0	  0	  0	  0	  0	  0	  0	  0	  0	  0	  0	  0	116	  0	  0	  0
ASV_163	  0	  0	  0	  0	  0	  0	  0	115	  0	  0	  0	  0	  0	  0	  0	  0	  0	  0	  0	  0	  0	  0	  0	  0	  0	  0	  0	  0
ASV_164	 0	 0	 0	 3	 3	 0	 0	50	 0	 0	 0	 0	 0	 0	 0	10	 0	 0	 0	 0	 0	 0	 0	 5	 0	 5	 0	38
ASV_165	  0	  0	  0	  0	  0	  0	  0	  0	  0	  0	  0	  0	  0	  0	  0	  0	  0	  0	  0	  0	  0	  0	  0	  0	  0	  0	  0	114
ASV_166	 4	 0	 0	 0	 0	 0	 0	 8	 0	 0	 0	 0	 0	 0	 0	 0	 2	 0	 0	 0	 0	 0	 0	 0	61	 0	 6	31
ASV_167	  0	  0	  0	  0	  0	  0	  0	  0	  0	  0	  0	  0	  0	  0	  0	  0	  0	  0	110	  0	  0	  0	  0	  0	  0	  0	  0	  0
ASV_168	12	 0	 0	 0	 0	 3	 0	77	 0	 0	 0	 0	 0	 0	 0	 8	 0	 0	 3	 0	 0	 0	 0	 0	 0	 0	 6	 0
ASV_169	 0	30	 0	 0	 0	 0	 0	 0	 0	 0	 0	 0	 0	 0	 0	 0	 0	 0	 0	 0	 0	 0	 0	 0	75	 0	 0	 0
ASV_170	 0	 0	 0	 0	 0	 6	 0	 0	 0	 0	 0	 0	69	 0	 0	 0	 0	 0	 6	 0	 0	 0	11	 0	13	 0	 0	 0
ASV_171	  0	  0	  0	  0	  0	  0	  0	  0	  0	  0	  0	  0	  0	  0	  0	  0	  0	  0	  0	  0	  0	  0	104	  0	  0	  0	  0	  0
ASV_172	 0	 4	 0	 0	 0	 0	 0	 3	 0	 0	 0	 0	 0	 0	 0	 0	 0	21	 0	 0	 0	 0	32	 0	 0	 0	35	 8
ASV_173	 0	 0	 0	 0	87	 0	 0	 6	 0	 0	 0	 0	 0	 0	 0	 0	 0	10	 0	 0	 0	 0	 0	 0	 0	 0	 0	 0
ASV_174	  0	  0	  0	  0	  0	  0	  0	  0	  0	  0	  0	  0	  0	  0	  0	  0	  0	  0	  0	  0	  0	  0	102	  0	  0	  0	  0	  0
ASV_175	 0	 0	 0	 0	 0	 7	 0	24	 0	 0	 4	 0	 0	 0	 0	 5	 0	 5	 0	 0	 3	 0	 0	 8	 0	 6	10	29
ASV_176	  0	  0	  0	  0	  0	  0	  0	  0	  0	  0	  0	  0	  0	  0	  0	  0	  0	  0	  0	  0	  0	  0	101	  0	  0	  0	  0	  0
ASV_177	  0	  0	  0	  0	  0	  0	  0	  0	  0	  0	  0	  0	  0	  0	  0	  0	  0	  0	  0	  0	  0	  0	100	  0	  0	  0	  0	  0
ASV_178	 0	 0	 0	 0	 0	 0	 0	 0	 0	 0	 0	 5	 4	 0	 0	 6	 0	16	 0	 0	 0	 0	 0	 0	35	 0	33	 0
ASV_179	 0	 0	 0	 0	 0	 0	 0	 0	 0	 0	 0	 0	 0	 0	 0	 0	 0	 0	99	 0	 0	 0	 0	 0	 0	 0	 0	 0
ASV_180	 0	41	 0	 0	 0	43	 0	 0	 0	 0	 0	 0	 0	 6	 8	 0	 0	 0	 0	 0	 0	 0	 0	 0	 0	 0	 0	 0
ASV_181	 0	 0	98	 0	 0	 0	 0	 0	 0	 0	 0	 0	 0	 0	 0	 0	 0	 0	 0	 0	 0	 0	 0	 0	 0	 0	 0	 0
ASV_182	 0	 0	 0	 0	 0	 3	 0	14	 0	 0	 0	 0	 0	 0	 0	 0	 0	16	 0	 0	 0	 3	 0	 0	28	 0	32	 0
ASV_183	 0	 0	 0	 0	 0	24	 0	 0	 0	 0	 0	 0	70	 0	 0	 0	 0	 0	 0	 0	 0	 0	 0	 0	 0	 0	 0	 0
ASV_184	 0	 3	 0	 0	 0	 0	 0	 0	 0	 0	 0	 0	 0	 0	 0	 0	 0	 0	 0	 0	 0	 0	90	 0	 0	 0	 0	 0
ASV_185	 0	 0	70	 0	 0	 0	 0	 0	 0	 0	 0	 0	 0	 0	 0	 0	 0	 0	 0	 0	 0	 0	 0	 0	 0	 0	23	 0
ASV_186	 0	 0	15	 0	 0	 0	 0	 0	 0	 0	 0	 0	56	 0	 0	 0	 0	 0	 0	 0	 0	 0	 0	 0	 0	 0	 9	13
ASV_187	 0	92	 0	 0	 0	 0	 0	 0	 0	 0	 0	 0	 0	 0	 0	 0	 0	 0	 0	 0	 0	 0	 0	 0	 0	 0	 0	 0
ASV_188	 0	 7	 0	 0	 4	 0	 0	 0	 0	 0	 0	 0	 0	 0	 0	 0	 0	 0	 0	 0	 0	 0	 0	 0	 0	 0	 0	81
ASV_189	 0	 0	79	 0	 0	 0	 0	 0	 0	 0	 0	 0	 0	 0	 0	 0	 0	 0	 0	 0	 0	 0	 0	 0	 0	 0	 0	13
ASV_190	 0	 0	 0	 0	 0	 0	 0	 0	 0	 0	 0	 4	 5	 3	 0	 6	 0	 0	 0	 0	 0	 0	74	 0	 0	 0	 0	 0
ASV_191	39	 0	 0	 0	 0	 0	 0	 0	 0	 0	 0	 0	 0	30	 0	 0	14	 0	 8	 0	 0	 0	 0	 0	 0	 0	 0	 0
ASV_192	 0	 0	 0	 0	 0	16	 0	 0	 0	 0	 0	75	 0	 0	 0	 0	 0	 0	 0	 0	 0	 0	 0	 0	 0	 0	 0	 0
ASV_193	 0	 0	 0	 0	 0	 0	 0	 0	 0	 0	 0	 0	 0	 0	 0	 0	 0	 0	 0	 0	 0	 0	54	 0	29	 0	 0	 7
ASV_194	 0	 9	44	 0	 0	 0	 0	 0	 0	 0	 0	 0	 0	 0	 0	 0	 0	 0	 0	 0	 0	 0	 0	 0	 0	 0	 3	31
ASV_195	 0	 0	 0	 0	 0	 0	 0	43	 0	 0	 0	 0	 0	 0	 0	 0	 0	 0	 0	 0	 0	 0	 0	 0	 0	 0	 2	42
ASV_196	 0	 0	 0	 0	 0	 0	 0	 5	 0	 0	 0	 0	 0	 0	 0	 0	 0	34	 0	 0	 0	 0	 5	 0	 0	 0	42	 0
ASV_197	 0	 0	 0	14	 0	 0	 0	 0	 0	 0	 0	 0	 0	 0	 0	 0	 0	 0	 0	 0	 0	 0	 0	 0	 0	 0	 0	69
ASV_198	 0	 0	 0	 0	10	 0	 0	73	 0	 0	 0	 0	 0	 0	 0	 0	 0	 0	 0	 0	 0	 0	 0	 0	 0	 0	 0	 0
ASV_199	 0	 0	 0	 0	 0	 0	 0	 0	 0	 0	 0	 0	 0	 0	 0	 0	 0	21	 0	 0	 0	 0	 0	 0	 0	 0	35	27
ASV_200	 0	 0	 0	 0	 0	 0	 0	 0	 0	 0	 0	 0	 0	 0	 0	 0	 0	 0	81	 0	 0	 0	 0	 0	 0	 0	 0	 0
ASV_201	 0	65	 0	 0	 0	 8	 0	 0	 0	 0	 0	 0	 0	 4	 0	 0	 0	 0	 0	 0	 0	 0	 0	 0	 3	 0	 0	 0
ASV_202	 0	 0	 0	 0	 0	40	 0	 0	 0	 0	 0	 0	 0	 0	 0	 0	 0	 0	39	 0	 0	 0	 0	 0	 0	 0	 0	 0
ASV_203	 0	 0	78	 0	 0	 0	 0	 0	 0	 0	 0	 0	 0	 0	 0	 0	 0	 0	 0	 0	 0	 0	 0	 0	 0	 0	 0	 0
ASV_204	 0	 0	 0	 0	 0	 0	 0	 0	 0	 0	 0	70	 8	 0	 0	 0	 0	 0	 0	 0	 0	 0	 0	 0	 0	 0	 0	 0
ASV_205	 0	 0	 0	 0	 0	 0	 0	 0	 0	 0	 0	 0	 0	 0	 0	 0	 0	 0	 0	 0	 0	 0	 0	 0	78	 0	 0	 0
ASV_206	 0	 0	 0	 0	 0	 0	 0	 0	 0	 0	 0	 0	 0	 0	 0	 0	 0	 0	 0	 0	 0	 0	 0	 0	78	 0	 0	 0
ASV_207	 0	 0	 0	 0	 0	 0	 0	 0	 0	 0	 0	 0	 0	 0	 0	 2	 0	 0	 0	 0	 0	 0	 0	 0	74	 0	 0	 0
ASV_208	 0	 0	 0	 0	 0	 0	 0	 0	 0	 0	 0	 0	 0	 0	 0	 0	76	 0	 0	 0	 0	 0	 0	 0	 0	 0	 0	 0
ASV_209	 0	 0	 0	 0	 0	 0	 0	 0	 0	 0	 0	 0	 0	 0	 0	 0	 0	 0	 0	 0	 0	 0	63	 0	 0	 0	13	 0
ASV_210	 0	 3	39	 0	 0	 0	 0	 0	 0	 0	 0	 0	 0	 0	 0	 0	 0	 0	 0	 0	 0	 0	 0	 0	 0	 0	 9	24
ASV_211	 0	 0	 0	 0	 0	 0	 0	 0	 0	 0	 0	 0	 0	 0	 0	 0	 0	22	 0	 0	 0	 0	43	 0	 0	 2	 8	 0
ASV_212	 0	 0	 0	 0	 0	 0	 0	 5	 0	 0	 0	 0	 0	 0	 0	 0	 0	25	 0	 0	 0	 0	 0	 0	 4	 0	29	11
ASV_213	 0	 0	 0	 0	 0	 0	 0	 0	 0	 0	 0	 0	 0	 0	 0	 0	 0	 0	 0	 0	 0	 0	70	 0	 0	 0	 0	 4
ASV_214	 0	 0	 0	 0	 0	 0	 0	 0	 0	 0	 0	 0	 0	 0	 0	 0	 0	 0	 0	 0	 0	 0	 0	 0	 0	 0	 7	67
ASV_215	26	 0	 0	 0	 0	 0	 0	 0	27	 0	 0	 0	 0	12	 0	 0	 8	 0	 0	 0	 0	 0	 0	 0	 0	 0	 0	 0
ASV_216	 0	 0	 0	 0	 0	 0	 0	 0	 0	 0	 0	 0	 0	 0	 0	 0	 0	 0	 0	 0	 0	 0	 4	 0	68	 0	 0	 0
ASV_217	 0	 0	 0	 0	 0	 0	 0	 0	 0	 0	 0	 0	 0	 0	 0	 2	 0	 0	 0	 0	 0	 0	 0	 0	69	 0	 0	 0
ASV_218	 0	22	 0	 0	 0	 0	 0	 0	 0	 0	 0	 0	 0	 0	 0	 0	 0	 0	 0	 0	 0	 0	47	 0	 0	 0	 0	 0
ASV_219	 0	 0	 0	 5	 0	 0	 0	 0	 0	 0	 0	 0	 0	 0	 0	 0	 0	 0	 0	 0	 0	 0	 0	 0	 0	 0	 0	64
ASV_220	 0	 0	 0	 0	 0	 0	 0	 0	 0	 0	 0	 0	 0	 0	 0	 0	 0	 0	 0	 0	 0	 0	61	 0	 0	 0	 6	 0
ASV_221	 0	 0	 0	 0	 0	 0	 0	10	 0	 0	 0	 0	 0	 0	 0	 0	 0	17	 0	 0	 0	 0	 0	 0	 0	 0	39	 0
ASV_222	 0	 0	 0	 0	 0	 0	 0	 0	 0	 0	 0	 0	 0	 0	 0	 0	 0	 0	 0	 0	 0	 0	66	 0	 0	 0	 0	 0
ASV_223	 0	 0	 0	 0	 0	 0	 0	 0	 0	 0	 0	 0	 0	 0	 0	 2	 0	 0	 0	 0	 0	 0	53	 0	 6	 0	 0	 4
ASV_224	 0	 0	 0	 0	50	 0	 0	 7	 0	 0	 0	 0	 0	 0	 0	 0	 0	 7	 0	 0	 0	 0	 0	 0	 0	 0	 0	 0
ASV_225	 0	 0	 0	 0	 0	 0	 0	 0	 0	 0	 0	 0	 0	 0	 0	 0	 0	25	 0	 0	 0	 0	 0	 0	 0	 0	39	 0
ASV_226	 0	 0	 0	 0	 0	 0	 0	 0	 0	 0	 0	 0	 0	 0	 0	 0	 0	13	 0	 0	 0	 0	33	 0	 0	 0	17	 0
ASV_227	 0	 0	 0	 0	 0	 0	 0	 0	 0	 0	 0	 0	 0	 0	 0	 0	 0	 0	 0	 0	 0	 0	63	 0	 0	 0	 0	 0
ASV_228	 0	 0	 0	 0	 0	 0	 0	 5	 0	 0	 0	 0	 0	 0	 0	 0	 0	19	 0	 0	 0	 0	 0	 0	 0	 0	38	 0
ASV_229	 0	 0	 0	 0	 0	 0	 0	 0	 0	 0	 0	 0	 4	 0	 0	 0	 6	 0	 0	 0	 0	 0	 0	 0	52	 0	 0	 0
ASV_230	 0	 0	 0	 0	 0	 0	 0	 0	 0	 0	 0	 0	 0	 0	 0	 0	 0	62	 0	 0	 0	 0	 0	 0	 0	 0	 0	 0
ASV_231	 0	 0	 0	 0	 0	 0	 0	 0	 0	 0	 0	61	 0	 0	 0	 0	 0	 0	 0	 0	 0	 0	 0	 0	 0	 0	 0	 0
ASV_232	 0	 0	 0	 0	 0	 0	 0	 0	 0	 0	 0	 0	 0	 0	 0	 0	 0	 0	 0	 0	 0	 0	38	 0	23	 0	 0	 0
ASV_233	 0	 0	 0	 0	 0	 0	 0	 6	 0	 0	 0	 0	 0	 0	 0	 0	 0	32	 0	 0	 0	 0	 0	 0	 0	 0	16	 6
ASV_234	 0	 0	 0	 0	 0	 0	 0	 0	 0	 0	 0	 0	 0	 0	 0	 0	 0	18	 0	 2	 0	 0	10	 0	 0	 0	30	 0
ASV_235	 0	 0	 0	 0	 0	 0	 0	 0	 0	 0	 0	 0	 0	 0	 0	 0	 0	 0	60	 0	 0	 0	 0	 0	 0	 0	 0	 0
ASV_236	 0	 0	 0	 0	 0	 0	 0	 0	 0	 0	 0	 0	 0	 0	 0	 0	 0	 0	 0	 0	 0	 0	59	 0	 0	 0	 0	 0
ASV_237	 0	 0	 0	 0	 0	 0	 0	 0	 0	 0	 0	 0	58	 0	 0	 0	 0	 0	 0	 0	 0	 0	 0	 0	 0	 0	 0	 0
ASV_238	 0	 0	 0	 0	 0	 0	 0	 0	 0	 0	 0	 0	 0	 0	 0	 0	 0	 0	 0	 0	 0	 0	57	 0	 0	 0	 0	 0
ASV_239	 0	 0	 0	 0	 0	 0	 0	 0	 0	 0	 0	 0	 0	 0	 0	 0	 0	 0	 0	 0	 0	 0	 0	 0	 0	 0	 0	57
ASV_240	 0	 0	 0	 0	 0	 0	 0	14	 0	 0	 0	 0	 0	 0	 0	22	 0	 0	 0	 0	 0	 0	 0	 0	 0	 0	 0	20
ASV_241	 0	 0	 0	 0	 0	 0	 0	 0	 0	 0	 0	 0	 0	 0	 0	 0	 0	 0	 0	 0	 0	 0	41	 0	15	 0	 0	 0
ASV_242	 0	 0	42	 0	 0	 0	 0	 0	 0	 0	 0	 0	 0	 0	 0	 0	 0	 0	 0	 0	 0	 0	 0	 0	 0	 0	 0	13
ASV_243	 0	 0	 0	 0	 0	 0	 0	 0	 0	 0	 0	 0	 0	 0	 0	 0	 0	 0	 0	 0	 0	 0	 0	 0	55	 0	 0	 0
ASV_244	 0	 0	 0	 0	 0	 0	 0	 0	 0	 0	 0	 0	 0	 0	 0	 0	 0	 0	 0	 0	 0	 0	 0	 0	55	 0	 0	 0
ASV_245	 0	25	 0	 0	 0	24	 0	 0	 0	 0	 0	 0	 0	 5	 0	 0	 0	 0	 0	 0	 0	 0	 0	 0	 0	 0	 0	 0
ASV_246	 0	 0	 0	 0	 0	54	 0	 0	 0	 0	 0	 0	 0	 0	 0	 0	 0	 0	 0	 0	 0	 0	 0	 0	 0	 0	 0	 0
ASV_247	 0	 0	 0	 0	 0	53	 0	 0	 0	 0	 0	 0	 0	 0	 0	 0	 0	 0	 0	 0	 0	 0	 0	 0	 0	 0	 0	 0
ASV_248	 0	 0	 0	 0	 0	 0	 0	 0	 0	 0	 0	 0	 0	 0	 0	 0	 0	33	 0	 0	 0	 0	 0	 0	 0	 0	20	 0
ASV_249	 0	 0	 0	 0	31	 0	 0	 4	 0	 0	 0	 0	 0	 0	 0	 0	 0	 0	 0	 3	 0	 0	 0	 0	14	 0	 0	 0
ASV_250	 0	 0	 0	 0	 0	 0	 0	23	 0	 0	 0	 0	 0	 0	 0	 0	 0	 0	 0	 0	 0	 0	 0	 0	29	 0	 0	 0
ASV_251	 0	 0	 0	 0	 0	 0	 0	 0	 0	 0	 0	 0	 0	 0	 0	 0	 0	 0	 0	 0	 0	 0	 0	 0	 0	 0	 0	52
ASV_252	 0	 0	 0	 0	 0	30	 0	 0	 0	 0	 0	 0	 5	 0	 0	 0	 3	 0	 0	 0	 0	 0	 3	 0	10	 0	 0	 0
ASV_253	 0	 0	 0	 0	 0	13	 0	 0	 0	 0	 0	 0	36	 0	 0	 0	 0	 0	 0	 0	 0	 0	 2	 0	 0	 0	 0	 0
ASV_254	 0	 0	 0	 0	 0	 0	 0	 0	 0	 0	 0	 0	 0	 0	 0	 0	50	 0	 0	 0	 0	 0	 0	 0	 0	 0	 0	 0
ASV_255	 0	 0	 0	 0	 0	 0	 0	 0	 0	 0	 0	 0	 0	 0	 0	 0	 0	22	 0	 0	 0	 0	10	 0	 0	 0	18	 0
ASV_256	 0	 0	 0	 0	 0	 0	 0	 0	 0	 0	 0	 0	 0	 0	 0	 0	 0	18	 0	 0	 0	 0	 0	 0	11	 0	21	 0
ASV_257	 0	 0	 0	 0	 0	 0	 0	 0	 0	 0	 0	 0	 0	 0	 0	 0	 0	13	 0	 0	 0	 0	 0	 0	 0	 0	33	 4
ASV_258	 2	 0	 0	 0	 0	 0	 0	 0	 0	 0	 0	 0	 0	 0	 0	 0	 0	 0	 0	 0	 0	 0	47	 0	 0	 0	 0	 0
ASV_259	 0	 0	 0	 0	 0	 0	 0	 0	 0	 0	 0	 0	 0	 0	 0	 0	 0	 0	 0	49	 0	 0	 0	 0	 0	 0	 0	 0
ASV_260	 0	41	 0	 0	 0	 0	 0	 0	 0	 0	 0	 0	 0	 0	 0	 0	 0	 0	 0	 0	 0	 0	 0	 0	 0	 0	 7	 0
ASV_261	 0	 0	 0	 0	 0	 0	 0	 0	 0	 0	 0	 0	 0	 0	 0	 0	 0	48	 0	 0	 0	 0	 0	 0	 0	 0	 0	 0
ASV_262	 0	 0	 0	 0	 0	 0	 0	 0	 0	 0	 0	 0	 0	 0	 0	 0	 0	17	 0	 0	 0	 0	 0	 0	 0	 0	31	 0
ASV_263	 0	 0	 0	 0	 0	 0	 0	 0	 0	 0	 0	 0	 0	 0	 0	 0	 0	 0	 0	 0	 0	 0	48	 0	 0	 0	 0	 0
ASV_264	 0	 0	 0	 0	 0	 0	 0	 0	 0	 0	 0	 0	 0	 0	 0	 4	 0	 0	 0	 0	 0	 0	 0	 0	43	 0	 0	 0
ASV_265	 0	 0	 0	 0	 0	 0	 0	 0	 0	 0	 0	 0	 0	 0	 0	 0	 0	 0	 0	 0	 0	 0	22	 0	16	 0	 0	 9
ASV_266	 5	 0	 0	 0	 9	17	 0	 0	 0	 0	 0	 4	 0	 0	 0	 0	 0	 0	 0	 0	 0	 0	 0	 0	11	 0	 0	 0
ASV_267	 0	 0	 0	 0	 0	 9	 0	 0	 0	 0	 0	34	 3	 0	 0	 0	 0	 0	 0	 0	 0	 0	 0	 0	 0	 0	 0	 0
ASV_268	 0	 0	 0	 0	 0	 0	 0	 0	 0	 0	 0	46	 0	 0	 0	 0	 0	 0	 0	 0	 0	 0	 0	 0	 0	 0	 0	 0
ASV_269	 0	 0	 0	 0	 0	 0	 0	 0	 0	 0	 0	 0	 0	 0	 0	 0	 0	 0	 0	 0	 0	 0	 0	 0	 0	 0	46	 0
ASV_270	 0	 0	 0	 0	 0	 0	 0	 0	 0	 0	 0	 0	44	 0	 0	 0	 0	 0	 0	 0	 0	 0	 0	 0	 0	 0	 0	 0
ASV_271	 0	 0	 0	 0	 0	 0	 0	 0	 0	 0	 0	 0	 0	 0	 0	 0	 0	 0	 0	 0	 0	 0	44	 0	 0	 0	 0	 0
ASV_272	 0	 0	 0	 0	 0	 0	 0	 0	 0	 0	 0	 0	 0	 0	 0	 0	 0	 0	 0	 0	 0	 0	 8	 0	36	 0	 0	 0
ASV_273	 0	 0	 0	 0	 0	 0	 0	 0	 0	 0	 0	 0	 0	 0	 0	 0	 0	 0	 0	 0	 0	 0	 0	 0	27	 0	17	 0
ASV_274	15	 0	 0	 0	 0	 0	 0	 0	 3	 0	 0	 0	 0	25	 0	 0	 0	 0	 0	 0	 0	 0	 0	 0	 0	 0	 0	 0
ASV_275	 0	 0	 0	 0	 0	 0	 0	 0	 0	 0	 0	 0	 0	 0	 0	 0	 0	 9	 0	 0	 0	 0	29	 0	 0	 0	 5	 0
ASV_276	 0	 0	 0	 0	 0	 0	 0	 0	 0	 0	 0	 0	 0	 0	 0	 0	 0	 0	 0	 0	 0	 0	43	 0	 0	 0	 0	 0
ASV_277	 0	 0	 0	 0	 0	 0	 0	 0	 0	 0	 0	 0	 0	 0	 0	 0	 0	 0	 0	 0	 0	 0	 0	 0	42	 0	 0	 0
ASV_278	 0	 0	 0	 0	 0	 0	 0	 0	 0	 0	 0	 0	 0	 0	 0	 0	 0	 0	 0	 0	 0	 0	41	 0	 0	 0	 0	 0
ASV_279	 0	 0	 0	15	 0	 0	 0	 0	 0	 0	 0	 0	 0	 0	 0	 0	 0	 0	 0	 0	 0	 0	 0	 0	 0	 0	 0	25
ASV_280	 0	 0	 0	 0	 0	 0	 0	10	 0	 0	 0	 0	 0	 0	 0	 0	 0	 9	 0	 0	 0	 0	 0	 0	 0	 0	20	 0
ASV_281	 0	 0	 0	 0	 0	 0	 0	 0	 0	 0	 0	 0	 0	 0	 0	 0	 0	 0	 0	 0	 0	 0	39	 0	 0	 0	 0	 0
ASV_282	 0	 0	 0	 0	 0	 0	 0	 0	 0	 0	 0	 0	 0	 0	 0	 0	 0	 0	 0	 0	 0	 0	21	 0	18	 0	 0	 0
ASV_283	 0	 0	 0	 0	 0	 0	 0	 0	 0	 0	 0	 0	 0	 0	 0	 0	 0	24	 0	 0	 0	 0	 0	 0	 0	 0	14	 0
ASV_284	 0	 0	 0	 0	 0	 0	 0	 0	 0	 0	 0	 0	 0	 0	 0	 0	 0	14	 0	 0	 0	 0	 0	 0	 0	 0	24	 0
ASV_285	 0	 0	 0	 0	 0	 0	 0	 0	 0	 0	 0	 0	 0	 0	 0	 0	 0	 0	 0	 0	 0	 0	25	 0	13	 0	 0	 0
ASV_286	 0	 0	 0	 0	 2	 0	 0	35	 0	 0	 0	 0	 0	 0	 0	 0	 0	 0	 0	 0	 0	 0	 0	 0	 0	 0	 0	 0
ASV_287	 0	 0	 0	 0	 0	 0	 0	 0	 0	 0	 0	 0	 0	 0	 0	 0	 0	12	 0	 0	 0	 0	 0	 0	 0	 0	25	 0
ASV_288	 0	 0	 0	 0	 0	 0	 0	 0	 0	 0	 0	 0	 0	 0	 0	 0	 0	 0	 0	 0	 0	 0	37	 0	 0	 0	 0	 0
ASV_289	 0	 0	 0	 0	 0	 0	 0	 0	 0	 0	 0	 0	 0	 0	 0	 0	 0	 0	 0	 0	 0	 0	 0	 0	 0	 0	37	 0
ASV_290	 0	 4	16	 0	 0	 0	 0	16	 0	 0	 0	 0	 0	 0	 0	 0	 0	 0	 0	 0	 0	 0	 0	 0	 0	 0	 0	 0
ASV_291	 0	 0	 0	 0	 0	12	 0	 0	 0	 0	 0	 7	 0	 0	 0	 0	 0	 0	 0	 0	 0	 0	 0	 0	 0	 0	 0	17
ASV_292	 0	 0	 0	 0	 0	 0	 0	13	 0	 0	 0	 0	 0	 0	 0	10	 0	 0	 0	 0	 0	 0	 0	 0	 0	 0	 0	13
ASV_293	 0	 0	 0	 0	 0	 0	 0	 0	 0	 0	 0	 0	 0	 0	 0	 0	 0	18	 0	 0	 0	 0	 0	 0	 0	 0	18	 0
ASV_294	 0	 0	 0	 0	 0	 0	 0	 0	 0	 0	 0	 0	 0	 0	 0	 0	 0	 0	 0	 0	 0	 0	36	 0	 0	 0	 0	 0
ASV_295	 0	 0	 0	 0	 0	 0	 0	 0	 0	 0	 0	 0	 0	 0	 0	 0	 0	 0	 0	 0	 0	 0	36	 0	 0	 0	 0	 0
ASV_296	 0	 0	 0	 0	 0	 2	 0	 0	 0	 0	 0	 0	 0	 0	 0	 0	 0	 0	 0	 0	 0	 0	 0	 0	33	 0	 0	 0
ASV_297	 0	 0	 0	 0	 0	 0	 0	 0	 0	 0	 0	 0	 0	 0	 0	 0	 0	17	 0	 0	 0	 0	 0	 0	 0	 0	18	 0
ASV_298	 0	 0	 0	 0	 0	 0	 0	 0	 0	 0	 0	 0	 0	 0	 0	 0	 0	 0	 0	35	 0	 0	 0	 0	 0	 0	 0	 0
ASV_299	 0	 0	 0	 0	 0	 0	 0	 0	 0	 0	 0	 0	 0	 0	 0	 0	 0	 0	 0	 0	 0	 0	35	 0	 0	 0	 0	 0
ASV_300	 0	 0	 0	 0	 0	 0	 0	 0	 0	 0	 0	 0	 0	 0	 0	 0	 0	 0	 0	 0	 0	 0	 0	 0	35	 0	 0	 0
ASV_301	 0	 0	 0	 0	 0	 0	 0	 0	 0	 0	 0	 0	 0	 0	 0	 0	 0	 0	 0	 0	 0	 0	 0	 0	28	 0	 7	 0
ASV_302	 0	 0	 6	 0	 0	 0	 0	 0	 0	 0	 0	 0	 0	 0	 0	 0	 0	 0	 0	 0	 0	 0	 0	 0	24	 0	 4	 0
ASV_303	 0	 0	 0	 0	 0	 0	 0	 5	 0	 0	 0	 0	 0	 0	 0	 0	 0	 5	 0	 0	 0	 0	 0	 0	 0	 0	18	 5
ASV_304	 0	 0	 0	 0	 0	 0	 0	 0	 0	 0	 0	 0	 0	 0	 0	 0	 0	14	 0	 0	 0	 0	 0	 0	 0	 0	19	 0
ASV_305	 0	 0	 0	 0	 0	 0	 0	 0	 0	 0	 0	 0	 0	 0	 0	 0	 0	11	 0	 0	 0	 0	 0	 0	 0	 0	22	 0
ASV_306	 0	 0	 0	 0	 0	 0	 0	 0	 0	 0	 0	 0	 0	 0	 0	 0	 0	 0	 0	 0	 0	 0	33	 0	 0	 0	 0	 0
ASV_307	 0	 0	 0	 0	 0	 0	 0	 0	 0	 0	 0	 0	 0	 0	 0	 0	 0	 0	 0	 0	 0	 0	33	 0	 0	 0	 0	 0
ASV_308	 0	 0	 0	 0	 0	 0	 0	 0	 0	 0	 0	 0	 0	 0	 0	 0	 0	 0	 0	 0	 0	 0	28	 0	 0	 0	 5	 0
ASV_309	0	0	0	0	5	7	0	0	2	0	0	0	0	0	0	0	0	8	0	0	0	0	2	0	0	0	8	0
ASV_310	 0	 0	 0	 0	 0	 0	 0	 0	 0	 0	 0	 0	 0	 0	 0	 0	 0	 0	 0	 0	 0	 0	32	 0	 0	 0	 0	 0
ASV_311	 0	 0	 0	 0	 0	 0	 0	 0	 0	 0	 0	 0	 0	 0	 0	 0	 0	 0	 0	 0	 0	 0	12	 0	 0	 0	20	 0
ASV_312	 0	 0	 0	 0	 0	 0	 0	 0	 0	 0	 0	 0	 0	 0	 0	 0	 0	 0	 0	 0	 0	 0	 0	 0	32	 0	 0	 0
ASV_313	 0	 0	 0	 0	 0	 0	 0	 0	 0	 0	 0	 0	 0	 0	 0	 0	 0	 0	 0	 0	 0	 0	31	 0	 0	 0	 0	 0
ASV_314	 0	 0	 0	 0	 0	 0	 0	 0	 0	 0	 0	 0	 0	 0	 0	 0	 0	 0	 0	 0	 0	 0	31	 0	 0	 0	 0	 0
ASV_315	 0	 0	 0	 0	 0	 0	 0	 0	 0	 0	 0	 0	 0	 0	 0	 0	 0	 0	 0	 0	 0	 0	 0	 0	31	 0	 0	 0
ASV_316	 0	 0	 0	 0	 0	 0	 0	 0	 0	 0	 0	 0	 0	 0	 0	 0	 0	 0	 0	 0	 0	 0	 0	 0	31	 0	 0	 0
ASV_317	 0	 0	 0	 0	 0	 0	 0	 0	 0	 0	 0	 0	 0	 0	 0	 0	30	 0	 0	 0	 0	 0	 0	 0	 0	 0	 0	 0
ASV_318	 0	 0	 0	 0	 0	 0	 0	 0	 0	 0	 0	 0	 0	 0	 0	 0	 0	15	 0	 0	 0	 0	 0	 0	 0	 0	15	 0
ASV_319	 0	 0	 0	 0	 0	 0	 0	 0	 0	 0	 0	 0	 0	 0	 0	 0	 0	11	 0	 0	 0	 0	 0	 0	 0	 0	19	 0
ASV_320	 0	 0	 0	 0	 0	 0	 0	 0	 0	 0	 0	 0	 0	 0	 0	 0	 0	 0	 0	 0	 0	 0	 0	 0	30	 0	 0	 0
ASV_321	 0	 0	24	 0	 0	 0	 0	 0	 0	 0	 0	 0	 0	 0	 0	 0	 0	 0	 0	 0	 0	 0	 5	 0	 0	 0	 0	 0
ASV_322	 0	 0	 0	 0	 0	 0	 0	 0	 0	 0	 0	29	 0	 0	 0	 0	 0	 0	 0	 0	 0	 0	 0	 0	 0	 0	 0	 0
ASV_323	 0	 0	 0	 0	 0	 0	 0	 0	 0	 0	 0	 0	 0	 0	 0	 0	 0	 0	 0	 0	 0	 0	20	 0	 9	 0	 0	 0
ASV_324	 0	 0	 0	 0	 0	 0	 0	 0	 0	 0	 0	 0	 0	 0	 0	 0	 0	28	 0	 0	 0	 0	 0	 0	 0	 0	 0	 0
ASV_325	 0	 0	 0	 0	 0	 0	 0	 0	 0	 0	 0	 0	 0	 0	 0	 0	 0	 0	 0	 0	 0	 0	 0	 0	28	 0	 0	 0
ASV_326	 0	 0	 0	 0	 0	 0	 0	 0	 0	 0	 0	 0	 0	 0	 0	 0	 0	10	 0	 0	 0	 0	 0	 0	 0	 0	17	 0
ASV_327	 0	 0	 0	 0	 0	 0	 0	 0	 0	 0	 0	 0	 0	 0	 0	 0	 0	10	 0	 0	 0	 0	 0	 0	 0	 0	17	 0
ASV_328	 0	 0	 0	 0	 0	 0	 0	 0	 0	 0	 0	 0	 0	 0	 0	 0	 0	 0	 0	 0	 0	 0	 0	 0	24	 0	 3	 0
ASV_329	 0	 0	 0	 0	 0	 0	 0	 0	 0	 0	 0	 0	 0	 0	 0	 0	 0	12	 0	 0	 0	 0	 0	 0	 0	 0	14	 0
ASV_330	 0	 0	 0	 0	 0	 0	 0	 0	 0	 0	 0	 0	 0	 0	 0	 0	 0	 0	 0	 0	 0	 0	 0	 0	 8	 0	18	 0
ASV_331	 0	 0	 0	 0	 0	 0	 0	 0	25	 0	 0	 0	 0	 0	 0	 0	 0	 0	 0	 0	 0	 0	 0	 0	 0	 0	 0	 0
ASV_332	 0	 0	 0	 0	 0	 0	 0	 0	 0	 0	 0	 0	 0	 0	 0	 0	 0	14	 0	 0	 0	 0	 0	 0	 0	 0	11	 0
ASV_333	 0	 0	 0	 0	 0	 0	 0	 0	 0	 0	 0	 0	 0	 0	 0	 0	 0	 0	25	 0	 0	 0	 0	 0	 0	 0	 0	 0
ASV_334	 0	 0	 0	 0	 0	 0	 0	 0	 0	 0	 0	 0	 0	 0	 0	 0	 0	 0	 0	 0	 0	 0	 0	 0	25	 0	 0	 0
ASV_335	 0	 0	 0	 0	 0	 0	 0	 0	 0	 0	 0	 0	 0	 0	 0	 0	 0	 0	 0	 0	 0	 0	 0	 0	25	 0	 0	 0
ASV_336	 0	 0	 0	 0	 0	 0	 0	 5	 0	 0	 0	 0	 0	 0	 0	 0	 0	 0	 0	 0	 0	 0	 0	 0	 0	 0	19	 0
ASV_337	 0	 0	 0	 0	 0	 0	 0	 0	 0	 0	 0	24	 0	 0	 0	 0	 0	 0	 0	 0	 0	 0	 0	 0	 0	 0	 0	 0
ASV_338	 0	 0	 0	 0	 0	 0	 0	 0	 0	 0	 0	24	 0	 0	 0	 0	 0	 0	 0	 0	 0	 0	 0	 0	 0	 0	 0	 0
ASV_339	 0	 0	 0	 0	 0	 0	 0	 0	 0	 0	 0	24	 0	 0	 0	 0	 0	 0	 0	 0	 0	 0	 0	 0	 0	 0	 0	 0
ASV_340	 0	 0	 0	 0	 0	 0	 0	 0	 0	 0	 0	24	 0	 0	 0	 0	 0	 0	 0	 0	 0	 0	 0	 0	 0	 0	 0	 0
ASV_341	 0	 0	 0	 0	 0	 0	 0	 0	 0	 0	 0	 0	 0	 0	 0	 0	 0	15	 0	 0	 0	 0	 0	 0	 0	 0	 9	 0
ASV_342	 0	 0	 0	 0	 0	 0	 0	 0	 0	 0	 0	 0	 0	 0	 0	 0	 0	 0	 0	 0	 0	 0	24	 0	 0	 0	 0	 0
ASV_343	 0	 0	 0	 0	 0	 0	 0	 0	 0	 0	 0	 0	 0	 0	 0	 0	 0	 0	 0	 0	 0	 0	12	 0	12	 0	 0	 0
ASV_344	 0	 0	 0	 0	 0	 0	 0	 0	 0	 0	 0	 0	 0	 0	 0	 5	 0	 0	 0	 0	 0	 0	 0	 0	18	 0	 0	 0
ASV_345	 0	 0	 0	 0	 0	 0	 0	 0	 0	 0	 0	 0	 0	 0	 0	 0	 0	 0	 0	 0	 4	 0	11	 0	 8	 0	 0	 0
ASV_346	 0	 0	 0	 0	 0	 0	 0	 0	 0	 0	 0	 0	 0	 0	 0	 0	 0	 0	 0	 0	 0	 0	 0	 0	23	 0	 0	 0
ASV_347	 0	 6	 0	 0	 0	 0	 0	16	 0	 0	 0	 0	 0	 0	 0	 0	 0	 0	 0	 0	 0	 0	 0	 0	 0	 0	 0	 0
ASV_348	 0	 0	 0	 0	 7	 0	 0	 0	 0	 0	 0	 0	 0	 0	 0	 3	 0	 0	 0	 0	 0	 0	 0	 0	 0	 0	12	 0
ASV_349	 0	 0	 0	 0	 0	 0	 0	 0	 0	 0	 0	 0	 0	 0	 0	 0	 0	 0	 0	 0	 0	 0	22	 0	 0	 0	 0	 0
ASV_350	 0	 0	 0	 0	 0	 0	 0	 0	 0	 0	 0	 0	 0	 0	 0	 0	 0	 0	 0	21	 0	 0	 0	 0	 0	 0	 0	 0
ASV_351	 0	 0	 0	 0	 0	 0	 0	 0	 0	 0	 0	 0	 0	 0	 0	 0	 0	 0	 0	 0	 0	 0	21	 0	 0	 0	 0	 0
ASV_352	 0	 0	 0	 0	 0	 0	 0	 0	 0	 0	 0	 0	 0	 0	 0	 0	 0	 0	 0	 0	 0	 0	 0	 0	21	 0	 0	 0
ASV_353	 0	 0	 0	 0	 0	 0	 0	 0	 0	 0	 0	 0	 0	 0	 0	 0	 0	 0	 0	 0	 0	 0	 0	 0	21	 0	 0	 0
ASV_354	 0	 0	 0	 0	 0	 0	 0	 0	 0	 0	 0	 0	 0	 0	 0	 0	 0	 0	 0	 0	 0	 0	 0	 0	11	 0	10	 0
ASV_355	 0	 0	 0	 0	 0	 0	 0	 0	 0	 0	 0	 0	 0	 0	 0	 0	 0	 0	 0	 0	 0	 0	 0	 0	 0	 0	21	 0
ASV_356	 0	 0	 0	 0	16	 0	 0	 0	 0	 0	 0	 0	 0	 0	 0	 0	 0	 0	 0	 0	 0	 0	 0	 0	 4	 0	 0	 0
ASV_357	0	0	0	0	5	0	0	0	0	0	0	0	0	0	0	0	0	5	0	0	0	0	0	0	0	0	8	2
ASV_358	 0	 0	 0	 0	 0	 0	 0	 0	 0	 0	 0	 0	 0	 0	 0	 0	 0	10	 0	 0	 0	 0	 0	 0	 0	 0	10	 0
ASV_359	 0	 0	 0	 0	 0	 0	 0	 0	 0	 0	 0	 0	 0	 0	 0	 0	 0	 0	 4	16	 0	 0	 0	 0	 0	 0	 0	 0
ASV_360	 0	 0	 0	 0	 0	 0	 0	 0	 0	 0	 0	 0	 0	 0	 0	 0	 0	 0	 0	 0	 0	 0	 0	 0	 0	 0	20	 0
ASV_361	 0	 0	 7	 0	 0	 0	 0	12	 0	 0	 0	 0	 0	 0	 0	 0	 0	 0	 0	 0	 0	 0	 0	 0	 0	 0	 0	 0
ASV_362	0	0	0	0	0	0	0	0	0	0	0	0	6	0	0	0	0	0	9	0	0	0	0	0	4	0	0	0
ASV_363	 0	 0	 0	 0	 0	 0	 0	 0	 0	 0	 0	 0	 0	19	 0	 0	 0	 0	 0	 0	 0	 0	 0	 0	 0	 0	 0	 0
ASV_364	 0	 0	 0	 0	 0	 0	 0	 0	 0	 0	 0	 0	 0	 0	 0	 0	 0	 0	 0	 0	 0	 0	19	 0	 0	 0	 0	 0
ASV_365	 0	 0	 0	 0	 0	 0	 0	 0	 0	 0	 0	 0	 0	 0	 0	 0	 0	 0	 0	 0	 0	 0	 0	 0	19	 0	 0	 0
ASV_366	 0	 0	 0	 0	 0	 0	 0	 0	 0	 0	 0	 0	 0	 0	 0	 0	 0	 0	 0	 0	 0	 0	 0	 0	19	 0	 0	 0
ASV_367	 0	 0	 0	 0	 0	 0	 0	 0	 0	 0	 0	 0	 0	 0	 0	 0	 0	 0	 0	 0	 0	 0	 0	 0	 0	 0	19	 0
ASV_368	 0	 0	 0	 0	 0	 0	 0	 0	 0	 0	 0	 0	 0	 0	 0	 0	 0	 0	 0	 0	 0	 0	 0	 0	 0	 0	 0	19
ASV_369	 0	 0	 0	 0	 0	 0	 0	 0	 0	 0	 0	 0	 0	 0	 0	 2	 0	 6	 0	 0	 0	 0	 0	 0	 0	 0	10	 0
ASV_370	 0	 0	 0	 0	 0	 0	 0	 0	 0	 0	 0	 0	 0	 0	 0	 0	 0	11	 0	 0	 0	 0	 0	 0	 0	 0	 7	 0
ASV_371	 0	 0	 0	 0	 0	 0	 0	 0	 0	 0	 0	 0	 0	 0	 0	 0	 0	 0	 0	 0	 0	 0	18	 0	 0	 0	 0	 0
ASV_372	 0	 0	 0	 0	 0	 0	 0	 0	 0	 0	 0	 0	 0	 0	 0	 0	 0	 0	 0	 0	 0	 0	18	 0	 0	 0	 0	 0
ASV_373	 0	 0	 0	 0	 0	 0	 0	 0	 0	 0	 0	 0	 0	 0	 0	 0	 0	 0	 0	 0	 0	 0	 0	 0	18	 0	 0	 0
ASV_374	 0	 0	 0	 0	 0	 0	 0	 0	 0	 0	 0	 0	 0	 0	 0	 0	 0	 0	 0	 0	 0	 0	 0	 0	18	 0	 0	 0
ASV_375	 0	17	 0	 0	 0	 0	 0	 0	 0	 0	 0	 0	 0	 0	 0	 0	 0	 0	 0	 0	 0	 0	 0	 0	 0	 0	 0	 0
ASV_376	 0	 0	14	 0	 0	 0	 0	 0	 0	 0	 0	 0	 0	 0	 0	 0	 0	 0	 0	 0	 0	 0	 3	 0	 0	 0	 0	 0
ASV_377	0	0	0	0	0	0	0	8	0	0	0	0	0	0	0	0	0	0	0	0	0	0	0	0	0	0	0	9
ASV_378	 0	 0	 0	 0	 0	 0	 0	 2	 0	 0	 0	 0	 0	 0	 0	 0	 0	 0	 0	 0	 0	 0	 0	 0	 0	 0	15	 0
ASV_379	0	0	0	0	0	0	0	0	0	0	0	0	0	0	0	0	0	8	0	0	0	0	0	0	0	0	9	0
ASV_380	 0	 0	 0	 0	 0	 0	 0	 0	 0	 0	 0	 0	 0	 0	 0	 0	 0	 7	 0	 0	 0	 0	 0	 0	 0	 0	10	 0
ASV_381	 0	 0	 0	 0	 0	 0	 0	 0	 0	 0	 0	 0	 0	 0	 0	 0	 0	 0	 0	 0	 0	 0	17	 0	 0	 0	 0	 0
ASV_382	 0	 0	 0	 0	 0	 0	 0	 0	 0	 0	 0	 0	 0	 0	 0	 0	 0	 0	 0	 0	 0	 0	17	 0	 0	 0	 0	 0
ASV_383	 0	 0	 0	 0	 0	 0	 0	 0	 0	 0	 0	 0	 0	 0	 0	 0	 0	 0	 0	 0	 0	 0	 0	 0	17	 0	 0	 0
ASV_384	 0	 0	 0	 0	 0	 0	 0	 0	 0	 0	 0	 0	 0	 0	 0	 0	 0	 0	 0	 0	 0	 0	 0	 0	17	 0	 0	 0
ASV_385	 0	 0	 0	 0	 0	 0	 0	 0	 0	 0	 0	 0	 0	 0	 0	 0	 0	 0	 0	 0	 0	 0	 0	 0	17	 0	 0	 0
ASV_386	 0	 0	 0	 0	 0	 0	 0	 0	 0	 0	 0	 0	 0	 0	 0	 0	 0	 0	 0	 0	 0	 0	 0	 0	11	 0	 6	 0
ASV_387	 0	16	 0	 0	 0	 0	 0	 0	 0	 0	 0	 0	 0	 0	 0	 0	 0	 0	 0	 0	 0	 0	 0	 0	 0	 0	 0	 0
ASV_388	0	3	0	0	8	0	0	0	0	0	0	0	0	0	0	0	0	0	0	5	0	0	0	0	0	0	0	0
ASV_389	 0	 0	 0	 0	 0	 0	 0	16	 0	 0	 0	 0	 0	 0	 0	 0	 0	 0	 0	 0	 0	 0	 0	 0	 0	 0	 0	 0
ASV_390	 0	 0	 0	 0	 0	 0	 0	 0	 0	 0	 0	16	 0	 0	 0	 0	 0	 0	 0	 0	 0	 0	 0	 0	 0	 0	 0	 0
ASV_391	 0	 0	 0	 0	 0	 0	 0	 0	 0	 0	 0	 0	 0	 0	 0	 0	16	 0	 0	 0	 0	 0	 0	 0	 0	 0	 0	 0
ASV_392	 0	 0	 0	 0	 0	 0	 0	 0	 0	 0	 0	 0	 0	 0	 0	 0	 0	16	 0	 0	 0	 0	 0	 0	 0	 0	 0	 0
ASV_393	 0	 0	 0	 0	 0	 0	 0	 0	 0	 0	 0	 0	 0	 0	 0	 0	 0	 6	 0	 0	 0	 0	 0	 0	 0	 0	10	 0
ASV_394	 0	 0	 0	 0	 0	 0	 0	 0	 0	 0	 0	 0	 0	 0	 0	 0	 0	 5	 0	 0	 0	 0	 0	 0	 0	 0	11	 0
ASV_395	 0	 0	 0	 0	 0	 0	 0	 0	 0	 0	 0	 0	 0	 0	 0	 0	 0	 0	 0	 0	 0	 0	16	 0	 0	 0	 0	 0
ASV_396	 0	 0	 0	 0	 0	 0	 0	 0	 0	 0	 0	 0	 0	 0	 0	 0	 0	 0	 0	 0	 0	 0	 0	 0	16	 0	 0	 0
ASV_397	 0	 0	 0	 0	 0	 0	 0	 0	 0	 0	 0	 0	 0	 0	 0	 0	 0	 0	 0	 0	 0	 0	 0	 0	 0	 0	16	 0
ASV_398	0	0	3	5	0	0	0	0	0	0	0	7	0	0	0	0	0	0	0	0	0	0	0	0	0	0	0	0
ASV_399	 0	 0	 0	 0	10	 0	 0	 0	 0	 0	 0	 0	 0	 0	 0	 0	 0	 0	 0	 0	 0	 0	 0	 0	 0	 0	 0	 5
ASV_400	 0	 0	 0	 0	10	 0	 0	 0	 2	 0	 0	 0	 0	 0	 0	 3	 0	 0	 0	 0	 0	 0	 0	 0	 0	 0	 0	 0
ASV_401	 0	 0	 0	 0	 0	15	 0	 0	 0	 0	 0	 0	 0	 0	 0	 0	 0	 0	 0	 0	 0	 0	 0	 0	 0	 0	 0	 0
ASV_402	0	0	0	0	0	6	0	0	0	0	0	0	0	0	0	0	0	0	0	0	0	0	0	0	0	0	3	6
ASV_403	 0	 0	 0	 0	 0	 0	 0	 0	 0	 0	 0	15	 0	 0	 0	 0	 0	 0	 0	 0	 0	 0	 0	 0	 0	 0	 0	 0
ASV_404	 0	 0	 0	 0	 0	 0	 0	 0	 0	 0	 0	 0	 0	 0	 0	 0	 0	 0	15	 0	 0	 0	 0	 0	 0	 0	 0	 0
ASV_405	 0	 0	 0	 0	 0	 0	 0	 0	 0	 0	 0	 0	 0	 0	 0	 0	 0	 0	 0	 0	 0	 0	15	 0	 0	 0	 0	 0
ASV_406	 0	 0	 0	 0	 0	 0	 0	 0	 0	 0	 0	 0	 0	 0	 0	 0	 0	 0	 0	 0	 0	 0	 0	 0	15	 0	 0	 0
ASV_407	 0	 0	 0	 0	 0	 0	 0	 0	 0	 0	 0	 0	 0	 0	 0	 0	 0	 0	 0	 0	 0	 0	 0	 0	15	 0	 0	 0
ASV_408	 0	 0	 0	 0	 0	 0	 0	 0	 0	 0	 0	 0	 0	 0	 0	 0	 0	 0	 0	 0	 0	 0	 0	 0	15	 0	 0	 0
ASV_409	 0	 0	 0	 0	 0	 0	 0	 0	 0	 0	 0	 0	 0	 0	 0	 0	 0	 0	 0	 0	 0	 0	 0	 0	15	 0	 0	 0
ASV_410	 0	 0	 0	 0	 0	 0	 0	 0	 0	 0	 0	 0	 0	 0	 0	 0	 0	 0	 0	 0	 0	 0	 0	 0	 0	 0	15	 0
ASV_411	 0	 0	 0	 0	 0	 0	 0	 0	 0	 0	 0	 0	 0	 0	 0	 0	 0	 0	 0	 0	 0	 0	 0	 0	 0	 0	15	 0
ASV_412	0	0	0	4	4	0	0	0	0	0	0	0	0	0	0	0	0	0	0	0	0	0	0	0	6	0	0	0
ASV_413	0	0	0	0	6	0	0	0	0	0	0	0	0	0	0	0	0	0	0	0	0	0	0	0	0	0	0	8
ASV_414	0	0	0	0	0	0	0	5	0	0	0	0	0	0	0	0	0	0	0	0	0	0	0	0	0	0	0	9
ASV_415	0	0	0	0	0	0	0	0	0	0	0	6	0	0	0	0	0	0	0	0	0	0	0	0	0	0	0	8
ASV_416	 0	 0	 0	 0	 0	 0	 0	 0	 0	 0	 0	 0	 0	 0	 0	 0	 0	14	 0	 0	 0	 0	 0	 0	 0	 0	 0	 0
ASV_417	 0	 0	 0	 0	 0	 0	 0	 0	 0	 0	 0	 0	 0	 0	 0	 0	 0	14	 0	 0	 0	 0	 0	 0	 0	 0	 0	 0
ASV_418	 0	 0	 0	 0	 0	 0	 0	 0	 0	 0	 0	 0	 0	 0	 0	 0	 0	 0	 0	14	 0	 0	 0	 0	 0	 0	 0	 0
ASV_419	 0	 0	 0	 0	 0	 0	 0	 0	 0	 0	 0	 0	 0	 0	 0	 0	 0	 0	 0	 0	 0	 0	14	 0	 0	 0	 0	 0
ASV_420	 0	 0	 0	 0	 0	 0	 0	 0	 0	 0	 0	 0	 0	 0	 0	 0	 0	 0	 0	 0	 0	 0	14	 0	 0	 0	 0	 0
ASV_421	0	0	0	0	0	0	0	0	0	0	0	0	0	0	0	0	0	0	0	0	0	0	7	0	7	0	0	0
ASV_422	 0	13	 0	 0	 0	 0	 0	 0	 0	 0	 0	 0	 0	 0	 0	 0	 0	 0	 0	 0	 0	 0	 0	 0	 0	 0	 0	 0
ASV_423	 0	 0	 0	 0	 0	 0	 0	13	 0	 0	 0	 0	 0	 0	 0	 0	 0	 0	 0	 0	 0	 0	 0	 0	 0	 0	 0	 0
ASV_424	 0	 0	 0	 0	 0	 0	 0	13	 0	 0	 0	 0	 0	 0	 0	 0	 0	 0	 0	 0	 0	 0	 0	 0	 0	 0	 0	 0
ASV_425	 0	 0	 0	 0	 0	 0	 0	 0	 0	 0	 0	13	 0	 0	 0	 0	 0	 0	 0	 0	 0	 0	 0	 0	 0	 0	 0	 0
ASV_426	 0	 0	 0	 0	 0	 0	 0	 0	 0	 0	 0	 0	 0	 0	 0	 0	 0	13	 0	 0	 0	 0	 0	 0	 0	 0	 0	 0
ASV_427	 0	 0	 0	 0	 0	 0	 0	 0	 0	 0	 0	 0	 0	 0	 0	 0	 0	10	 0	 0	 0	 0	 0	 0	 0	 0	 3	 0
ASV_428	 0	 0	 0	 0	 0	 0	 0	 0	 0	 0	 0	 0	 0	 0	 0	 0	 0	 0	 0	 0	 0	 0	13	 0	 0	 0	 0	 0
ASV_429	 0	 0	 0	 0	 0	 0	 0	 0	 0	 0	 0	 0	 0	 0	 0	 0	 0	 0	 0	 0	 0	 0	 0	 0	13	 0	 0	 0
ASV_430	 0	 0	 0	 0	 0	 0	 0	 0	 0	 0	 0	 0	 0	 0	 0	 0	 0	 0	 0	 0	 0	 0	 0	 0	 0	 0	13	 0
ASV_431	 0	 0	 0	 0	 0	 0	 0	 0	 0	 0	 0	 0	 0	 0	 0	 0	 0	 0	 0	 0	 0	 0	 0	 0	 0	 0	13	 0
ASV_432	4	0	0	0	0	0	0	0	0	0	0	0	0	0	0	0	4	0	4	0	0	0	0	0	0	0	0	0
ASV_433	0	0	0	0	0	0	0	3	0	0	0	0	0	0	0	0	0	0	0	0	0	0	0	0	0	0	9	0
ASV_434	0	0	0	0	0	0	0	0	0	4	0	0	0	0	0	0	0	0	0	8	0	0	0	0	0	0	0	0
ASV_435	 0	 0	 0	 0	 0	 0	 0	 0	 0	 0	 0	12	 0	 0	 0	 0	 0	 0	 0	 0	 0	 0	 0	 0	 0	 0	 0	 0
ASV_436	 0	 0	 0	 0	 0	 0	 0	 0	 0	 0	 0	12	 0	 0	 0	 0	 0	 0	 0	 0	 0	 0	 0	 0	 0	 0	 0	 0
ASV_437	 0	 0	 0	 0	 0	 0	 0	 0	 0	 0	 0	12	 0	 0	 0	 0	 0	 0	 0	 0	 0	 0	 0	 0	 0	 0	 0	 0
ASV_438	 0	 0	 0	 0	 0	 0	 0	 0	 0	 0	 0	 0	 0	 0	 0	 0	 0	12	 0	 0	 0	 0	 0	 0	 0	 0	 0	 0
ASV_439	 0	 0	 0	 0	 0	 0	 0	 0	 0	 0	 0	 0	 0	 0	 0	 0	 0	12	 0	 0	 0	 0	 0	 0	 0	 0	 0	 0
ASV_440	 0	 0	 0	 0	 0	 0	 0	 0	 0	 0	 0	 0	 0	 0	 0	 0	 0	10	 0	 0	 0	 0	 0	 0	 0	 0	 2	 0
ASV_441	0	0	0	0	0	0	0	0	0	0	0	0	0	0	0	0	0	4	0	0	0	0	0	0	0	0	8	0
ASV_442	 0	 0	 0	 0	 0	 0	 0	 0	 0	 0	 0	 0	 0	 0	 0	 0	 0	 0	 0	 0	 0	 0	12	 0	 0	 0	 0	 0
ASV_443	 0	 0	 0	 0	 0	 0	 0	 0	 0	 0	 0	 0	 0	 0	 0	 0	 0	 0	 0	 0	 0	 0	12	 0	 0	 0	 0	 0
ASV_444	 0	 0	 0	 0	 0	 0	 0	 0	 0	 0	 0	 0	 0	 0	 0	 0	 0	 0	 0	 0	 0	 0	 0	 0	 0	 0	12	 0
ASV_445	 0	 0	 0	 0	 0	 0	 0	 0	 0	 0	 0	 0	 0	 0	 0	 0	 0	 0	 0	 0	 0	 0	 0	 0	 0	 0	 0	12
ASV_446	 0	 0	 0	 0	11	 0	 0	 0	 0	 0	 0	 0	 0	 0	 0	 0	 0	 0	 0	 0	 0	 0	 0	 0	 0	 0	 0	 0
ASV_447	 0	 0	 0	 0	11	 0	 0	 0	 0	 0	 0	 0	 0	 0	 0	 0	 0	 0	 0	 0	 0	 0	 0	 0	 0	 0	 0	 0
ASV_448	 0	 0	 0	 0	 0	 0	 0	 0	 0	 0	 0	11	 0	 0	 0	 0	 0	 0	 0	 0	 0	 0	 0	 0	 0	 0	 0	 0
ASV_449	 0	 0	 0	 0	 0	 0	 0	 0	 0	 0	 0	11	 0	 0	 0	 0	 0	 0	 0	 0	 0	 0	 0	 0	 0	 0	 0	 0
ASV_450	 0	 0	 0	 0	 0	 0	 0	 0	 0	 0	 0	 0	 0	11	 0	 0	 0	 0	 0	 0	 0	 0	 0	 0	 0	 0	 0	 0
ASV_451	0	0	0	0	0	0	0	0	0	0	0	0	0	0	0	2	0	4	0	0	0	0	0	0	2	0	3	0
ASV_452	 0	 0	 0	 0	 0	 0	 0	 0	 0	 0	 0	 0	 0	 0	 0	 0	 0	 0	 0	 0	 0	 0	11	 0	 0	 0	 0	 0
ASV_453	 0	 0	 0	 0	 0	 0	 0	 0	 0	 0	 0	 0	 0	 0	 0	 0	 0	 0	 0	 0	 0	 0	 0	 0	11	 0	 0	 0
ASV_454	 0	 0	 0	 0	 0	 0	 0	 0	 0	 0	 0	 0	 0	 0	 0	 0	 0	 0	 0	 0	 0	 0	 0	 0	11	 0	 0	 0
ASV_455	 0	 0	 0	 0	 0	 0	 0	 0	 0	 0	 0	 0	 0	 0	 0	 0	 0	 0	 0	 0	 0	 0	 0	 0	11	 0	 0	 0
ASV_456	 0	 0	 0	 0	 0	 0	 0	 0	 0	 0	 0	 0	 0	 0	 0	 0	 0	 0	 0	 0	 0	 0	 0	 0	 0	 0	 0	11
ASV_457	7	0	0	0	0	0	0	0	0	0	0	0	0	0	3	0	0	0	0	0	0	0	0	0	0	0	0	0
ASV_458	 0	10	 0	 0	 0	 0	 0	 0	 0	 0	 0	 0	 0	 0	 0	 0	 0	 0	 0	 0	 0	 0	 0	 0	 0	 0	 0	 0
ASV_459	0	4	0	4	0	0	0	0	0	0	0	0	0	0	0	0	0	0	0	0	0	0	0	0	0	2	0	0
ASV_460	0	0	0	4	0	0	0	0	0	0	0	0	0	0	0	0	0	0	0	0	0	0	0	0	0	0	0	6
ASV_461	 0	 0	 0	 0	10	 0	 0	 0	 0	 0	 0	 0	 0	 0	 0	 0	 0	 0	 0	 0	 0	 0	 0	 0	 0	 0	 0	 0
ASV_462	0	0	0	0	0	0	0	8	0	0	0	0	0	0	0	2	0	0	0	0	0	0	0	0	0	0	0	0
ASV_463	 0	 0	 0	 0	 0	 0	 0	 0	 0	 0	 0	10	 0	 0	 0	 0	 0	 0	 0	 0	 0	 0	 0	 0	 0	 0	 0	 0
ASV_464	 0	 0	 0	 0	 0	 0	 0	 0	 0	 0	 0	10	 0	 0	 0	 0	 0	 0	 0	 0	 0	 0	 0	 0	 0	 0	 0	 0
ASV_465	 0	 0	 0	 0	 0	 0	 0	 0	 0	 0	 0	 0	 0	 0	 0	 0	 0	 0	 0	 0	 0	 0	10	 0	 0	 0	 0	 0
ASV_466	0	0	0	0	0	0	0	0	0	0	0	0	0	0	0	0	0	0	0	0	0	0	4	0	6	0	0	0
ASV_467	 0	 0	 0	 0	 0	 0	 0	 0	 0	 0	 0	 0	 0	 0	 0	 0	 0	 0	 0	 0	 0	 0	 0	 0	10	 0	 0	 0
ASV_468	 0	 0	 0	 0	 0	 0	 0	 0	 0	 0	 0	 0	 0	 0	 0	 0	 0	 0	 0	 0	 0	 0	 0	 0	10	 0	 0	 0
ASV_469	 0	 0	 0	 0	 0	 0	 0	 0	 0	 0	 0	 0	 0	 0	 0	 0	 0	 0	 0	 0	 0	 0	 0	 0	 0	 0	10	 0
ASV_470	0	9	0	0	0	0	0	0	0	0	0	0	0	0	0	0	0	0	0	0	0	0	0	0	0	0	0	0
ASV_471	0	0	0	7	0	0	0	0	0	0	0	0	0	0	0	2	0	0	0	0	0	0	0	0	0	0	0	0
ASV_472	0	0	0	0	9	0	0	0	0	0	0	0	0	0	0	0	0	0	0	0	0	0	0	0	0	0	0	0
ASV_473	0	0	0	0	9	0	0	0	0	0	0	0	0	0	0	0	0	0	0	0	0	0	0	0	0	0	0	0
ASV_474	0	0	0	0	0	0	0	9	0	0	0	0	0	0	0	0	0	0	0	0	0	0	0	0	0	0	0	0
ASV_475	0	0	0	0	0	0	0	0	0	0	9	0	0	0	0	0	0	0	0	0	0	0	0	0	0	0	0	0
ASV_476	0	0	0	0	0	0	0	0	0	0	0	9	0	0	0	0	0	0	0	0	0	0	0	0	0	0	0	0
ASV_477	0	0	0	0	0	0	0	0	0	0	0	0	0	0	0	4	0	0	0	0	0	0	0	0	5	0	0	0
ASV_478	0	0	0	0	0	0	0	0	0	0	0	0	0	0	0	0	0	9	0	0	0	0	0	0	0	0	0	0
ASV_479	0	0	0	0	0	0	0	0	0	0	0	0	0	0	0	0	0	7	0	0	0	2	0	0	0	0	0	0
ASV_480	0	0	0	0	0	0	0	0	0	0	0	0	0	0	0	0	0	0	9	0	0	0	0	0	0	0	0	0
ASV_481	0	0	0	0	0	0	0	0	0	0	0	0	0	0	0	0	0	0	0	0	0	0	9	0	0	0	0	0
ASV_482	0	0	0	0	0	0	0	0	0	0	0	0	0	0	0	0	0	0	0	0	0	0	9	0	0	0	0	0
ASV_483	0	0	0	0	0	0	0	0	0	0	0	0	0	0	0	0	0	0	0	0	0	0	0	0	9	0	0	0
ASV_484	0	0	0	0	0	0	0	0	0	0	0	0	0	0	0	0	0	0	0	0	0	0	0	0	9	0	0	0
ASV_485	0	0	0	0	0	0	0	0	0	0	0	0	0	0	0	0	0	0	0	0	0	0	0	0	0	0	9	0
ASV_486	0	0	0	0	0	0	0	0	0	0	0	0	0	0	0	0	0	0	0	0	0	0	0	0	0	0	9	0
ASV_487	0	0	0	0	0	0	0	0	0	0	0	0	0	0	0	0	0	0	0	0	0	0	0	0	0	0	0	9
ASV_488	0	0	0	0	0	0	0	0	0	0	0	0	0	0	0	0	0	0	0	0	0	0	0	0	0	0	0	9
ASV_489	0	0	0	0	0	0	0	0	0	0	0	0	0	0	0	0	0	0	0	0	0	0	0	0	0	0	0	9
ASV_490	0	0	0	0	8	0	0	0	0	0	0	0	0	0	0	0	0	0	0	0	0	0	0	0	0	0	0	0
ASV_491	0	0	0	0	8	0	0	0	0	0	0	0	0	0	0	0	0	0	0	0	0	0	0	0	0	0	0	0
ASV_492	0	0	0	0	5	0	0	3	0	0	0	0	0	0	0	0	0	0	0	0	0	0	0	0	0	0	0	0
ASV_493	0	0	0	0	0	0	0	8	0	0	0	0	0	0	0	0	0	0	0	0	0	0	0	0	0	0	0	0
ASV_494	0	0	0	0	0	0	0	8	0	0	0	0	0	0	0	0	0	0	0	0	0	0	0	0	0	0	0	0
ASV_495	0	0	0	0	0	0	0	0	0	0	8	0	0	0	0	0	0	0	0	0	0	0	0	0	0	0	0	0
ASV_496	0	0	0	0	0	0	0	0	0	0	0	8	0	0	0	0	0	0	0	0	0	0	0	0	0	0	0	0
ASV_497	0	0	0	0	0	0	0	0	0	0	0	0	8	0	0	0	0	0	0	0	0	0	0	0	0	0	0	0
ASV_498	0	0	0	0	0	0	0	0	0	0	0	0	0	0	0	8	0	0	0	0	0	0	0	0	0	0	0	0
ASV_499	0	0	0	0	0	0	0	0	0	0	0	0	0	0	0	2	0	0	0	0	0	0	0	0	6	0	0	0
ASV_500	0	0	0	0	0	0	0	0	0	0	0	0	0	0	0	0	0	8	0	0	0	0	0	0	0	0	0	0
ASV_501	0	0	0	0	0	0	0	0	0	0	0	0	0	0	0	0	0	8	0	0	0	0	0	0	0	0	0	0
ASV_502	0	0	0	0	0	0	0	0	0	0	0	0	0	0	0	0	0	8	0	0	0	0	0	0	0	0	0	0
ASV_503	0	0	0	0	0	0	0	0	0	0	0	0	0	0	0	0	0	8	0	0	0	0	0	0	0	0	0	0
ASV_504	0	0	0	0	0	0	0	0	0	0	0	0	0	0	0	0	0	8	0	0	0	0	0	0	0	0	0	0
ASV_505	0	0	0	0	0	0	0	0	0	0	0	0	0	0	0	0	0	0	0	0	0	0	8	0	0	0	0	0
ASV_506	0	0	0	0	0	0	0	0	0	0	0	0	0	0	0	0	0	0	0	0	0	0	4	0	0	0	4	0
ASV_507	0	0	0	0	0	0	0	0	0	0	0	0	0	0	0	0	0	0	0	0	0	0	0	0	8	0	0	0
ASV_508	0	0	0	0	0	0	0	0	0	0	0	0	0	0	0	0	0	0	0	0	0	0	0	0	0	0	8	0
ASV_509	0	0	0	0	0	0	0	0	0	0	0	0	0	0	0	0	0	0	0	0	0	0	0	0	0	0	8	0
ASV_510	0	0	0	0	0	0	0	0	0	0	0	0	0	0	0	0	0	0	0	0	0	0	0	0	0	0	8	0
ASV_511	0	0	0	0	0	0	0	0	0	0	0	0	0	0	0	0	0	0	0	0	0	0	0	0	0	0	8	0
ASV_512	0	0	0	0	0	0	0	0	0	0	0	0	0	0	0	0	0	0	0	0	0	0	0	0	0	0	8	0
ASV_513	0	0	0	0	0	0	0	0	0	0	0	0	0	0	0	0	0	0	0	0	0	0	0	0	0	0	0	8
ASV_514	0	0	0	0	0	0	0	0	0	0	0	0	0	0	0	0	0	0	0	0	0	0	0	0	0	0	0	8
ASV_515	0	0	0	0	0	0	0	0	0	0	0	0	0	0	0	0	0	0	0	0	0	0	0	0	0	0	0	8
ASV_516	7	0	0	0	0	0	0	0	0	0	0	0	0	0	0	0	0	0	0	0	0	0	0	0	0	0	0	0
ASV_517	0	7	0	0	0	0	0	0	0	0	0	0	0	0	0	0	0	0	0	0	0	0	0	0	0	0	0	0
ASV_518	0	0	0	0	7	0	0	0	0	0	0	0	0	0	0	0	0	0	0	0	0	0	0	0	0	0	0	0
ASV_519	0	0	0	0	0	7	0	0	0	0	0	0	0	0	0	0	0	0	0	0	0	0	0	0	0	0	0	0
ASV_520	0	0	0	0	0	0	0	7	0	0	0	0	0	0	0	0	0	0	0	0	0	0	0	0	0	0	0	0
ASV_521	0	0	0	0	0	0	0	7	0	0	0	0	0	0	0	0	0	0	0	0	0	0	0	0	0	0	0	0
ASV_522	0	0	0	0	0	0	0	0	7	0	0	0	0	0	0	0	0	0	0	0	0	0	0	0	0	0	0	0
ASV_523	0	0	0	0	0	0	0	0	0	0	0	7	0	0	0	0	0	0	0	0	0	0	0	0	0	0	0	0
ASV_524	0	0	0	0	0	0	0	0	0	0	0	7	0	0	0	0	0	0	0	0	0	0	0	0	0	0	0	0
ASV_525	0	0	0	0	0	0	0	0	0	0	0	7	0	0	0	0	0	0	0	0	0	0	0	0	0	0	0	0
ASV_526	0	0	0	0	0	0	0	0	0	0	0	0	0	0	0	5	0	0	0	2	0	0	0	0	0	0	0	0
ASV_527	0	0	0	0	0	0	0	0	0	0	0	0	0	0	0	0	7	0	0	0	0	0	0	0	0	0	0	0
ASV_528	0	0	0	0	0	0	0	0	0	0	0	0	0	0	0	0	0	0	0	0	0	0	7	0	0	0	0	0
ASV_529	0	0	0	0	0	0	0	0	0	0	0	0	0	0	0	0	0	0	0	0	0	0	3	0	4	0	0	0
ASV_530	0	0	0	0	0	0	0	0	0	0	0	0	0	0	0	0	0	0	0	0	0	0	0	0	7	0	0	0
ASV_531	0	0	0	0	0	0	0	0	0	0	0	0	0	0	0	0	0	0	0	0	0	0	0	0	7	0	0	0
ASV_532	0	0	0	0	0	0	0	0	0	0	0	0	0	0	0	0	0	0	0	0	0	0	0	0	7	0	0	0
ASV_533	0	0	0	0	0	0	0	0	0	0	0	0	0	0	0	0	0	0	0	0	0	0	0	0	7	0	0	0
ASV_534	0	0	0	0	0	0	0	0	0	0	0	0	0	0	0	0	0	0	0	0	0	0	0	0	7	0	0	0
ASV_535	0	0	0	0	0	0	0	0	0	0	0	0	0	0	0	0	0	0	0	0	0	0	0	0	7	0	0	0
ASV_536	0	0	0	0	0	0	0	0	0	0	0	0	0	0	0	0	0	0	0	0	0	0	0	0	7	0	0	0
ASV_537	0	0	0	0	0	0	0	0	0	0	0	0	0	0	0	0	0	0	0	0	0	0	0	0	0	0	0	7
ASV_538	0	0	0	0	0	0	0	0	0	0	0	0	0	0	0	0	0	0	0	0	0	0	0	0	0	0	0	7
ASV_539	0	6	0	0	0	0	0	0	0	0	0	0	0	0	0	0	0	0	0	0	0	0	0	0	0	0	0	0
ASV_540	0	6	0	0	0	0	0	0	0	0	0	0	0	0	0	0	0	0	0	0	0	0	0	0	0	0	0	0
ASV_541	0	6	0	0	0	0	0	0	0	0	0	0	0	0	0	0	0	0	0	0	0	0	0	0	0	0	0	0
ASV_542	0	6	0	0	0	0	0	0	0	0	0	0	0	0	0	0	0	0	0	0	0	0	0	0	0	0	0	0
ASV_543	0	4	0	2	0	0	0	0	0	0	0	0	0	0	0	0	0	0	0	0	0	0	0	0	0	0	0	0
ASV_544	0	0	6	0	0	0	0	0	0	0	0	0	0	0	0	0	0	0	0	0	0	0	0	0	0	0	0	0
ASV_545	0	0	0	6	0	0	0	0	0	0	0	0	0	0	0	0	0	0	0	0	0	0	0	0	0	0	0	0
ASV_546	0	0	0	6	0	0	0	0	0	0	0	0	0	0	0	0	0	0	0	0	0	0	0	0	0	0	0	0
ASV_547	0	0	0	0	6	0	0	0	0	0	0	0	0	0	0	0	0	0	0	0	0	0	0	0	0	0	0	0
ASV_548	0	0	0	0	0	0	0	6	0	0	0	0	0	0	0	0	0	0	0	0	0	0	0	0	0	0	0	0
ASV_549	0	0	0	0	0	0	0	6	0	0	0	0	0	0	0	0	0	0	0	0	0	0	0	0	0	0	0	0
ASV_550	0	0	0	0	0	0	0	6	0	0	0	0	0	0	0	0	0	0	0	0	0	0	0	0	0	0	0	0
ASV_551	0	0	0	0	0	0	0	0	6	0	0	0	0	0	0	0	0	0	0	0	0	0	0	0	0	0	0	0
ASV_552	0	0	0	0	0	0	0	0	0	0	0	6	0	0	0	0	0	0	0	0	0	0	0	0	0	0	0	0
ASV_553	0	0	0	0	0	0	0	0	0	0	0	6	0	0	0	0	0	0	0	0	0	0	0	0	0	0	0	0
ASV_554	0	0	0	0	0	0	0	0	0	0	0	0	0	0	0	6	0	0	0	0	0	0	0	0	0	0	0	0
ASV_555	0	0	0	0	0	0	0	0	0	0	0	0	0	0	0	4	0	0	0	0	0	0	2	0	0	0	0	0
ASV_556	0	0	0	0	0	0	0	0	0	0	0	0	0	0	0	0	0	6	0	0	0	0	0	0	0	0	0	0
ASV_557	0	0	0	0	0	0	0	0	0	0	0	0	0	0	0	0	0	6	0	0	0	0	0	0	0	0	0	0
ASV_558	0	0	0	0	0	0	0	0	0	0	0	0	0	0	0	0	0	6	0	0	0	0	0	0	0	0	0	0
ASV_559	0	0	0	0	0	0	0	0	0	0	0	0	0	0	0	0	0	0	0	6	0	0	0	0	0	0	0	0
ASV_560	0	0	0	0	0	0	0	0	0	0	0	0	0	0	0	0	0	0	0	0	0	6	0	0	0	0	0	0
ASV_561	0	0	0	0	0	0	0	0	0	0	0	0	0	0	0	0	0	0	0	0	0	0	6	0	0	0	0	0
ASV_562	0	0	0	0	0	0	0	0	0	0	0	0	0	0	0	0	0	0	0	0	0	0	6	0	0	0	0	0
ASV_563	0	0	0	0	0	0	0	0	0	0	0	0	0	0	0	0	0	0	0	0	0	0	0	0	6	0	0	0
ASV_564	0	0	0	0	0	0	0	0	0	0	0	0	0	0	0	0	0	0	0	0	0	0	0	0	6	0	0	0
ASV_565	0	0	0	0	0	0	0	0	0	0	0	0	0	0	0	0	0	0	0	0	0	0	0	0	6	0	0	0
ASV_566	0	0	0	0	0	0	0	0	0	0	0	0	0	0	0	0	0	0	0	0	0	0	0	0	0	0	6	0
ASV_567	0	0	0	0	0	0	0	0	0	0	0	0	0	0	0	0	0	0	0	0	0	0	0	0	0	0	6	0
ASV_568	0	0	0	0	0	0	0	0	0	0	0	0	0	0	0	0	0	0	0	0	0	0	0	0	0	0	0	6
ASV_569	0	0	0	0	0	0	0	0	0	0	0	0	0	0	0	0	0	0	0	0	0	0	0	0	0	0	0	6
ASV_570	0	0	0	0	0	0	0	0	0	0	0	0	0	0	0	0	0	0	0	0	0	0	0	0	0	0	0	6
ASV_571	0	0	0	0	0	0	0	0	0	0	0	0	0	0	0	0	0	0	0	0	0	0	0	0	0	0	0	6
ASV_572	0	0	0	0	0	0	0	0	0	0	0	0	0	0	0	0	0	0	0	0	0	0	0	0	0	0	0	6
ASV_573	0	0	0	0	0	0	0	0	0	0	0	0	0	0	0	0	0	0	0	0	0	0	0	0	0	0	0	6
ASV_574	0	0	0	0	0	0	0	0	0	0	0	0	0	0	0	0	0	0	0	0	0	0	0	0	0	0	0	6
ASV_575	5	0	0	0	0	0	0	0	0	0	0	0	0	0	0	0	0	0	0	0	0	0	0	0	0	0	0	0
ASV_576	0	5	0	0	0	0	0	0	0	0	0	0	0	0	0	0	0	0	0	0	0	0	0	0	0	0	0	0
ASV_577	0	0	0	5	0	0	0	0	0	0	0	0	0	0	0	0	0	0	0	0	0	0	0	0	0	0	0	0
ASV_578	0	0	0	5	0	0	0	0	0	0	0	0	0	0	0	0	0	0	0	0	0	0	0	0	0	0	0	0
ASV_579	0	0	0	0	5	0	0	0	0	0	0	0	0	0	0	0	0	0	0	0	0	0	0	0	0	0	0	0
ASV_580	0	0	0	0	5	0	0	0	0	0	0	0	0	0	0	0	0	0	0	0	0	0	0	0	0	0	0	0
ASV_581	0	0	0	0	0	5	0	0	0	0	0	0	0	0	0	0	0	0	0	0	0	0	0	0	0	0	0	0
ASV_582	0	0	0	0	0	0	0	5	0	0	0	0	0	0	0	0	0	0	0	0	0	0	0	0	0	0	0	0
ASV_583	0	0	0	0	0	0	0	5	0	0	0	0	0	0	0	0	0	0	0	0	0	0	0	0	0	0	0	0
ASV_584	0	0	0	0	0	0	0	5	0	0	0	0	0	0	0	0	0	0	0	0	0	0	0	0	0	0	0	0
ASV_585	0	0	0	0	0	0	0	0	0	0	5	0	0	0	0	0	0	0	0	0	0	0	0	0	0	0	0	0
ASV_586	0	0	0	0	0	0	0	0	0	0	0	5	0	0	0	0	0	0	0	0	0	0	0	0	0	0	0	0
ASV_587	0	0	0	0	0	0	0	0	0	0	0	0	0	0	0	5	0	0	0	0	0	0	0	0	0	0	0	0
ASV_588	0	0	0	0	0	0	0	0	0	0	0	0	0	0	0	5	0	0	0	0	0	0	0	0	0	0	0	0
ASV_589	0	0	0	0	0	0	0	0	0	0	0	0	0	0	0	0	0	5	0	0	0	0	0	0	0	0	0	0
ASV_590	0	0	0	0	0	0	0	0	0	0	0	0	0	0	0	0	0	5	0	0	0	0	0	0	0	0	0	0
ASV_591	0	0	0	0	0	0	0	0	0	0	0	0	0	0	0	0	0	5	0	0	0	0	0	0	0	0	0	0
ASV_592	0	0	0	0	0	0	0	0	0	0	0	0	0	0	0	0	0	0	0	5	0	0	0	0	0	0	0	0
ASV_593	0	0	0	0	0	0	0	0	0	0	0	0	0	0	0	0	0	0	0	5	0	0	0	0	0	0	0	0
ASV_594	0	0	0	0	0	0	0	0	0	0	0	0	0	0	0	0	0	0	0	0	0	5	0	0	0	0	0	0
ASV_595	0	0	0	0	0	0	0	0	0	0	0	0	0	0	0	0	0	0	0	0	0	0	5	0	0	0	0	0
ASV_596	0	0	0	0	0	0	0	0	0	0	0	0	0	0	0	0	0	0	0	0	0	0	5	0	0	0	0	0
ASV_597	0	0	0	0	0	0	0	0	0	0	0	0	0	0	0	0	0	0	0	0	0	0	0	0	5	0	0	0
ASV_598	0	0	0	0	0	0	0	0	0	0	0	0	0	0	0	0	0	0	0	0	0	0	0	0	5	0	0	0
ASV_599	0	0	0	0	0	0	0	0	0	0	0	0	0	0	0	0	0	0	0	0	0	0	0	0	0	0	5	0
ASV_600	0	0	0	0	0	0	0	0	0	0	0	0	0	0	0	0	0	0	0	0	0	0	0	0	0	0	5	0
ASV_601	0	0	0	0	0	0	0	0	0	0	0	0	0	0	0	0	0	0	0	0	0	0	0	0	0	0	5	0
ASV_602	0	0	0	0	0	0	0	0	0	0	0	0	0	0	0	0	0	0	0	0	0	0	0	0	0	0	5	0
ASV_603	0	0	0	0	0	0	0	0	0	0	0	0	0	0	0	0	0	0	0	0	0	0	0	0	0	0	5	0
ASV_604	0	0	0	0	0	0	0	0	0	0	0	0	0	0	0	0	0	0	0	0	0	0	0	0	0	0	5	0
ASV_605	0	0	0	0	0	0	0	0	0	0	0	0	0	0	0	0	0	0	0	0	0	0	0	0	0	0	5	0
ASV_606	0	0	0	0	0	0	0	0	0	0	0	0	0	0	0	0	0	0	0	0	0	0	0	0	0	0	0	5
ASV_607	0	0	0	0	0	0	0	0	0	0	0	0	0	0	0	0	0	0	0	0	0	0	0	0	0	0	0	5
ASV_608	0	0	0	0	0	0	0	0	0	0	0	0	0	0	0	0	0	0	0	0	0	0	0	0	0	0	0	5
ASV_609	0	0	0	0	0	0	0	0	0	0	0	0	0	0	0	0	0	0	0	0	0	0	0	0	0	0	0	5
ASV_610	0	0	0	0	0	0	0	0	0	0	0	0	0	0	0	0	0	0	0	0	0	0	0	0	0	0	0	5
ASV_611	0	4	0	0	0	0	0	0	0	0	0	0	0	0	0	0	0	0	0	0	0	0	0	0	0	0	0	0
ASV_612	0	0	4	0	0	0	0	0	0	0	0	0	0	0	0	0	0	0	0	0	0	0	0	0	0	0	0	0
ASV_613	0	0	0	4	0	0	0	0	0	0	0	0	0	0	0	0	0	0	0	0	0	0	0	0	0	0	0	0
ASV_614	0	0	0	4	0	0	0	0	0	0	0	0	0	0	0	0	0	0	0	0	0	0	0	0	0	0	0	0
ASV_615	0	0	0	0	4	0	0	0	0	0	0	0	0	0	0	0	0	0	0	0	0	0	0	0	0	0	0	0
ASV_616	0	0	0	0	4	0	0	0	0	0	0	0	0	0	0	0	0	0	0	0	0	0	0	0	0	0	0	0
ASV_617	0	0	0	0	0	0	0	4	0	0	0	0	0	0	0	0	0	0	0	0	0	0	0	0	0	0	0	0
ASV_618	0	0	0	0	0	0	0	4	0	0	0	0	0	0	0	0	0	0	0	0	0	0	0	0	0	0	0	0
ASV_619	0	0	0	0	0	0	0	4	0	0	0	0	0	0	0	0	0	0	0	0	0	0	0	0	0	0	0	0
ASV_620	0	0	0	0	0	0	0	4	0	0	0	0	0	0	0	0	0	0	0	0	0	0	0	0	0	0	0	0
ASV_621	0	0	0	0	0	0	0	4	0	0	0	0	0	0	0	0	0	0	0	0	0	0	0	0	0	0	0	0
ASV_622	0	0	0	0	0	0	0	4	0	0	0	0	0	0	0	0	0	0	0	0	0	0	0	0	0	0	0	0
ASV_623	0	0	0	0	0	0	0	4	0	0	0	0	0	0	0	0	0	0	0	0	0	0	0	0	0	0	0	0
ASV_624	0	0	0	0	0	0	0	4	0	0	0	0	0	0	0	0	0	0	0	0	0	0	0	0	0	0	0	0
ASV_625	0	0	0	0	0	0	0	0	0	4	0	0	0	0	0	0	0	0	0	0	0	0	0	0	0	0	0	0
ASV_626	0	0	0	0	0	0	0	0	0	0	4	0	0	0	0	0	0	0	0	0	0	0	0	0	0	0	0	0
ASV_627	0	0	0	0	0	0	0	0	0	0	0	4	0	0	0	0	0	0	0	0	0	0	0	0	0	0	0	0
ASV_628	0	0	0	0	0	0	0	0	0	0	0	4	0	0	0	0	0	0	0	0	0	0	0	0	0	0	0	0
ASV_629	0	0	0	0	0	0	0	0	0	0	0	0	0	0	0	4	0	0	0	0	0	0	0	0	0	0	0	0
ASV_630	0	0	0	0	0	0	0	0	0	0	0	0	0	0	0	0	0	4	0	0	0	0	0	0	0	0	0	0
ASV_631	0	0	0	0	0	0	0	0	0	0	0	0	0	0	0	0	0	4	0	0	0	0	0	0	0	0	0	0
ASV_632	0	0	0	0	0	0	0	0	0	0	0	0	0	0	0	0	0	0	4	0	0	0	0	0	0	0	0	0
ASV_633	0	0	0	0	0	0	0	0	0	0	0	0	0	0	0	0	0	0	0	0	4	0	0	0	0	0	0	0
ASV_634	0	0	0	0	0	0	0	0	0	0	0	0	0	0	0	0	0	0	0	0	0	4	0	0	0	0	0	0
ASV_635	0	0	0	0	0	0	0	0	0	0	0	0	0	0	0	0	0	0	0	0	0	0	0	0	4	0	0	0
ASV_636	0	0	0	0	0	0	0	0	0	0	0	0	0	0	0	0	0	0	0	0	0	0	0	0	4	0	0	0
ASV_637	0	0	0	0	0	0	0	0	0	0	0	0	0	0	0	0	0	0	0	0	0	0	0	0	0	4	0	0
ASV_638	0	0	0	0	0	0	0	0	0	0	0	0	0	0	0	0	0	0	0	0	0	0	0	0	0	0	4	0
ASV_639	0	0	0	0	0	0	0	0	0	0	0	0	0	0	0	0	0	0	0	0	0	0	0	0	0	0	4	0
ASV_640	0	0	0	0	0	0	0	0	0	0	0	0	0	0	0	0	0	0	0	0	0	0	0	0	0	0	0	4
ASV_641	0	0	0	0	0	0	0	0	0	0	0	0	0	0	0	0	0	0	0	0	0	0	0	0	0	0	0	4
ASV_642	0	0	0	0	0	0	0	0	0	0	0	0	0	0	0	0	0	0	0	0	0	0	0	0	0	0	0	4
ASV_643	0	0	0	0	0	0	0	0	0	0	0	0	0	0	0	0	0	0	0	0	0	0	0	0	0	0	0	4
ASV_644	0	0	0	0	0	0	0	0	0	0	0	0	0	0	0	0	0	0	0	0	0	0	0	0	0	0	0	4
ASV_645	0	0	0	0	0	0	0	0	0	0	0	0	0	0	0	0	0	0	0	0	0	0	0	0	0	0	0	4
ASV_646	0	3	0	0	0	0	0	0	0	0	0	0	0	0	0	0	0	0	0	0	0	0	0	0	0	0	0	0
ASV_647	0	0	3	0	0	0	0	0	0	0	0	0	0	0	0	0	0	0	0	0	0	0	0	0	0	0	0	0
ASV_648	0	0	0	3	0	0	0	0	0	0	0	0	0	0	0	0	0	0	0	0	0	0	0	0	0	0	0	0
ASV_649	0	0	0	3	0	0	0	0	0	0	0	0	0	0	0	0	0	0	0	0	0	0	0	0	0	0	0	0
ASV_650	0	0	0	3	0	0	0	0	0	0	0	0	0	0	0	0	0	0	0	0	0	0	0	0	0	0	0	0
ASV_651	0	0	0	3	0	0	0	0	0	0	0	0	0	0	0	0	0	0	0	0	0	0	0	0	0	0	0	0
ASV_652	0	0	0	3	0	0	0	0	0	0	0	0	0	0	0	0	0	0	0	0	0	0	0	0	0	0	0	0
ASV_653	0	0	0	3	0	0	0	0	0	0	0	0	0	0	0	0	0	0	0	0	0	0	0	0	0	0	0	0
ASV_654	0	0	0	0	3	0	0	0	0	0	0	0	0	0	0	0	0	0	0	0	0	0	0	0	0	0	0	0
ASV_655	0	0	0	0	3	0	0	0	0	0	0	0	0	0	0	0	0	0	0	0	0	0	0	0	0	0	0	0
ASV_656	0	0	0	0	0	0	0	3	0	0	0	0	0	0	0	0	0	0	0	0	0	0	0	0	0	0	0	0
ASV_657	0	0	0	0	0	0	0	3	0	0	0	0	0	0	0	0	0	0	0	0	0	0	0	0	0	0	0	0
ASV_658	0	0	0	0	0	0	0	3	0	0	0	0	0	0	0	0	0	0	0	0	0	0	0	0	0	0	0	0
ASV_659	0	0	0	0	0	0	0	3	0	0	0	0	0	0	0	0	0	0	0	0	0	0	0	0	0	0	0	0
ASV_660	0	0	0	0	0	0	0	3	0	0	0	0	0	0	0	0	0	0	0	0	0	0	0	0	0	0	0	0
ASV_661	0	0	0	0	0	0	0	3	0	0	0	0	0	0	0	0	0	0	0	0	0	0	0	0	0	0	0	0
ASV_662	0	0	0	0	0	0	0	3	0	0	0	0	0	0	0	0	0	0	0	0	0	0	0	0	0	0	0	0
ASV_663	0	0	0	0	0	0	0	3	0	0	0	0	0	0	0	0	0	0	0	0	0	0	0	0	0	0	0	0
ASV_664	0	0	0	0	0	0	0	3	0	0	0	0	0	0	0	0	0	0	0	0	0	0	0	0	0	0	0	0
ASV_665	0	0	0	0	0	0	0	3	0	0	0	0	0	0	0	0	0	0	0	0	0	0	0	0	0	0	0	0
ASV_666	0	0	0	0	0	0	0	3	0	0	0	0	0	0	0	0	0	0	0	0	0	0	0	0	0	0	0	0
ASV_667	0	0	0	0	0	0	0	3	0	0	0	0	0	0	0	0	0	0	0	0	0	0	0	0	0	0	0	0
ASV_668	0	0	0	0	0	0	0	0	3	0	0	0	0	0	0	0	0	0	0	0	0	0	0	0	0	0	0	0
ASV_669	0	0	0	0	0	0	0	0	0	0	3	0	0	0	0	0	0	0	0	0	0	0	0	0	0	0	0	0
ASV_670	0	0	0	0	0	0	0	0	0	0	0	0	0	3	0	0	0	0	0	0	0	0	0	0	0	0	0	0
ASV_671	0	0	0	0	0	0	0	0	0	0	0	0	0	0	0	3	0	0	0	0	0	0	0	0	0	0	0	0
ASV_672	0	0	0	0	0	0	0	0	0	0	0	0	0	0	0	3	0	0	0	0	0	0	0	0	0	0	0	0
ASV_673	0	0	0	0	0	0	0	0	0	0	0	0	0	0	0	3	0	0	0	0	0	0	0	0	0	0	0	0
ASV_674	0	0	0	0	0	0	0	0	0	0	0	0	0	0	0	0	0	3	0	0	0	0	0	0	0	0	0	0
ASV_675	0	0	0	0	0	0	0	0	0	0	0	0	0	0	0	0	0	0	0	0	0	3	0	0	0	0	0	0
ASV_676	0	0	0	0	0	0	0	0	0	0	0	0	0	0	0	0	0	0	0	0	0	3	0	0	0	0	0	0
ASV_677	0	0	0	0	0	0	0	0	0	0	0	0	0	0	0	0	0	0	0	0	0	0	0	0	3	0	0	0
ASV_678	0	0	0	0	0	0	0	0	0	0	0	0	0	0	0	0	0	0	0	0	0	0	0	0	0	3	0	0
ASV_679	0	0	0	0	0	0	0	0	0	0	0	0	0	0	0	0	0	0	0	0	0	0	0	0	0	0	3	0
ASV_680	0	0	0	0	0	0	0	0	0	0	0	0	0	0	0	0	0	0	0	0	0	0	0	0	0	0	3	0
ASV_681	0	0	0	0	0	0	0	0	0	0	0	0	0	0	0	0	0	0	0	0	0	0	0	0	0	0	3	0
ASV_682	0	0	0	0	0	0	0	0	0	0	0	0	0	0	0	0	0	0	0	0	0	0	0	0	0	0	3	0
ASV_683	0	0	0	0	0	0	0	0	0	0	0	0	0	0	0	0	0	0	0	0	0	0	0	0	0	0	3	0
ASV_684	0	0	0	0	0	0	0	0	0	0	0	0	0	0	0	0	0	0	0	0	0	0	0	0	0	0	3	0
ASV_685	0	0	0	0	0	0	0	0	0	0	0	0	0	0	0	0	0	0	0	0	0	0	0	0	0	0	0	3
ASV_686	0	0	0	0	0	0	0	0	0	0	0	0	0	0	0	0	0	0	0	0	0	0	0	0	0	0	0	3
ASV_687	0	0	0	0	0	0	0	0	0	0	0	0	0	0	0	0	0	0	0	0	0	0	0	0	0	0	0	3
ASV_688	0	0	0	0	0	0	0	0	0	0	0	0	0	0	0	0	0	0	0	0	0	0	0	0	0	0	0	3
ASV_689	0	0	0	0	0	0	0	0	0	0	0	0	0	0	0	0	0	0	0	0	0	0	0	0	0	0	0	3
ASV_690	0	0	0	0	0	0	0	0	0	0	0	0	0	0	0	0	0	0	0	0	0	0	0	0	0	0	0	3
ASV_691	0	0	0	0	0	0	0	0	0	0	0	0	0	0	0	0	0	0	0	0	0	0	0	0	0	0	0	3
ASV_692	0	0	0	0	0	0	0	0	0	0	0	0	0	0	0	0	0	0	0	0	0	0	0	0	0	0	0	3
ASV_693	0	0	0	0	0	0	0	0	0	0	0	0	0	0	0	0	0	0	0	0	0	0	0	0	0	0	0	3
ASV_694	0	2	0	0	0	0	0	0	0	0	0	0	0	0	0	0	0	0	0	0	0	0	0	0	0	0	0	0
ASV_695	0	2	0	0	0	0	0	0	0	0	0	0	0	0	0	0	0	0	0	0	0	0	0	0	0	0	0	0
ASV_696	0	2	0	0	0	0	0	0	0	0	0	0	0	0	0	0	0	0	0	0	0	0	0	0	0	0	0	0
ASV_697	0	0	0	2	0	0	0	0	0	0	0	0	0	0	0	0	0	0	0	0	0	0	0	0	0	0	0	0
ASV_698	0	0	0	2	0	0	0	0	0	0	0	0	0	0	0	0	0	0	0	0	0	0	0	0	0	0	0	0
ASV_699	0	0	0	0	2	0	0	0	0	0	0	0	0	0	0	0	0	0	0	0	0	0	0	0	0	0	0	0
ASV_700	0	0	0	0	2	0	0	0	0	0	0	0	0	0	0	0	0	0	0	0	0	0	0	0	0	0	0	0
ASV_701	0	0	0	0	0	0	0	2	0	0	0	0	0	0	0	0	0	0	0	0	0	0	0	0	0	0	0	0
ASV_702	0	0	0	0	0	0	0	2	0	0	0	0	0	0	0	0	0	0	0	0	0	0	0	0	0	0	0	0
ASV_703	0	0	0	0	0	0	0	2	0	0	0	0	0	0	0	0	0	0	0	0	0	0	0	0	0	0	0	0
ASV_704	0	0	0	0	0	0	0	2	0	0	0	0	0	0	0	0	0	0	0	0	0	0	0	0	0	0	0	0
ASV_705	0	0	0	0	0	0	0	2	0	0	0	0	0	0	0	0	0	0	0	0	0	0	0	0	0	0	0	0
ASV_706	0	0	0	0	0	0	0	0	2	0	0	0	0	0	0	0	0	0	0	0	0	0	0	0	0	0	0	0
ASV_707	0	0	0	0	0	0	0	0	2	0	0	0	0	0	0	0	0	0	0	0	0	0	0	0	0	0	0	0
ASV_708	0	0	0	0	0	0	0	0	2	0	0	0	0	0	0	0	0	0	0	0	0	0	0	0	0	0	0	0
ASV_709	0	0	0	0	0	0	0	0	0	0	2	0	0	0	0	0	0	0	0	0	0	0	0	0	0	0	0	0
ASV_710	0	0	0	0	0	0	0	0	0	0	0	2	0	0	0	0	0	0	0	0	0	0	0	0	0	0	0	0
ASV_711	0	0	0	0	0	0	0	0	0	0	0	2	0	0	0	0	0	0	0	0	0	0	0	0	0	0	0	0
ASV_712	0	0	0	0	0	0	0	0	0	0	0	0	0	2	0	0	0	0	0	0	0	0	0	0	0	0	0	0
ASV_713	0	0	0	0	0	0	0	0	0	0	0	0	0	0	0	2	0	0	0	0	0	0	0	0	0	0	0	0
ASV_714	0	0	0	0	0	0	0	0	0	0	0	0	0	0	0	2	0	0	0	0	0	0	0	0	0	0	0	0
ASV_715	0	0	0	0	0	0	0	0	0	0	0	0	0	0	0	2	0	0	0	0	0	0	0	0	0	0	0	0
ASV_716	0	0	0	0	0	0	0	0	0	0	0	0	0	0	0	2	0	0	0	0	0	0	0	0	0	0	0	0
ASV_717	0	0	0	0	0	0	0	0	0	0	0	0	0	0	0	2	0	0	0	0	0	0	0	0	0	0	0	0
ASV_718	0	0	0	0	0	0	0	0	0	0	0	0	0	0	0	0	0	0	0	2	0	0	0	0	0	0	0	0
ASV_719	0	0	0	0	0	0	0	0	0	0	0	0	0	0	0	0	0	0	0	0	0	0	2	0	0	0	0	0
ASV_720	0	0	0	0	0	0	0	0	0	0	0	0	0	0	0	0	0	0	0	0	0	0	2	0	0	0	0	0
ASV_721	0	0	0	0	0	0	0	0	0	0	0	0	0	0	0	0	0	0	0	0	0	0	2	0	0	0	0	0
ASV_722	0	0	0	0	0	0	0	0	0	0	0	0	0	0	0	0	0	0	0	0	0	0	0	0	2	0	0	0
ASV_723	0	0	0	0	0	0	0	0	0	0	0	0	0	0	0	0	0	0	0	0	0	0	0	0	0	2	0	0
ASV_724	0	0	0	0	0	0	0	0	0	0	0	0	0	0	0	0	0	0	0	0	0	0	0	0	0	0	2	0
ASV_725	0	0	0	0	0	0	0	0	0	0	0	0	0	0	0	0	0	0	0	0	0	0	0	0	0	0	2	0
ASV_726	0	0	0	0	0	0	0	0	0	0	0	0	0	0	0	0	0	0	0	0	0	0	0	0	0	0	0	2
ASV_727	0	0	0	0	0	0	0	0	0	0	0	0	0	0	0	0	0	0	0	0	0	0	0	0	0	0	0	2
ASV_728	0	0	0	0	0	0	0	0	0	0	0	0	0	0	0	0	0	0	0	0	0	0	0	0	0	0	0	2
ASV_729	0	0	0	0	0	0	0	0	0	0	0	0	0	0	0	0	0	0	0	0	0	0	0	0	0	0	0	2
ASV_730	0	0	0	0	0	0	0	0	0	0	0	0	0	0	0	0	0	0	0	0	0	0	0	0	0	0	0	2
ASV_731	0	0	0	0	0	0	0	0	0	0	0	0	0	0	0	0	0	0	0	0	0	0	0	0	0	0	0	2
