#OTU ID	SRR15655215	SRR15655218	SRR15655228	SRR15655231	SRR15655234	SRR15655238	SRR15655241	SRR15655244	SRR15655248	SRR15655254	SRR15655258	SRR15655264	SRR15655267	SRR15655268	SRR15655274	SRR15655287	SRR15655291	SRR15655294	SRR15655300
OTU_1	17	0	0	2800	3413	0	0	0	0	0	9	0	0	77144	0	0	0	0	30
OTU_10	0	0	0	0	0	0	0	0	0	1970	0	0	9	0	0	0	0	0	0
OTU_100	0	0	0	0	0	0	0	0	0	4	0	0	6	0	0	0	47	0	0
OTU_101	0	0	0	0	0	0	0	0	0	0	0	0	0	0	0	0	0	0	47
OTU_102	0	0	46	0	0	0	0	0	0	0	0	0	0	8	0	0	16	0	0
OTU_103	0	0	0	34	0	0	0	0	0	5	0	4	0	26	2	0	41	0	0
OTU_104	0	0	0	0	0	0	0	0	0	0	0	0	0	0	0	0	39	0	0
OTU_105	0	0	0	38	0	0	0	0	0	0	0	0	0	0	0	0	0	0	0
OTU_106	6	0	0	6	0	0	0	0	0	38	0	2	6	0	0	0	4	0	0
OTU_107	0	0	0	0	0	0	0	0	0	0	0	0	0	38	0	0	0	0	7
OTU_108	0	0	0	0	0	0	0	0	0	6	0	11	0	32	5	0	50	0	0
OTU_109	0	0	0	0	0	0	0	0	0	0	0	0	0	0	0	0	0	0	37
OTU_11	0	5	0	13	0	0	0	0	0	20	13	0	1420	0	8	0	48	0	0
OTU_110	36	0	0	0	0	0	0	0	0	0	30	0	13	0	0	0	0	0	0
OTU_111	0	0	0	0	0	0	0	0	0	0	0	0	0	0	0	0	36	0	0
OTU_112	0	0	3	0	0	0	0	0	0	0	0	10	0	0	0	4	0	5	36
OTU_113	20	0	0	0	0	0	35	0	0	0	0	0	6	11	0	0	0	0	0
OTU_114	0	0	0	0	0	0	0	0	0	0	0	0	0	0	35	0	0	0	0
OTU_115	0	34	0	0	0	0	0	0	0	0	0	0	0	0	0	0	6	0	0
OTU_116	0	0	0	0	0	0	0	0	0	0	0	0	0	0	0	0	50	0	0
OTU_117	0	3	0	14	0	0	0	0	0	33	0	0	5	11	6	0	6	0	5
OTU_118	0	0	0	12	0	0	0	0	0	33	0	0	3	0	0	0	6	0	0
OTU_119	0	0	0	0	0	0	0	0	0	0	0	0	33	0	0	0	0	0	0
OTU_12	0	0	0	8	0	0	0	2	0	1389	6	0	23	0	0	0	32	0	0
OTU_120	0	8	0	0	0	0	0	0	0	0	0	0	0	0	0	0	0	0	33
OTU_121	32	0	0	10	0	0	6	0	3	8	0	10	0	0	0	0	0	0	0
OTU_122	0	0	0	0	0	0	0	0	0	4	0	6	0	13	0	0	32	0	0
OTU_123	0	0	0	0	0	0	0	0	0	4	0	0	0	0	0	0	32	0	0
OTU_124	0	0	30	0	0	0	0	0	0	0	0	0	0	0	3	0	14	0	0
OTU_125	0	0	0	0	0	0	0	0	0	0	0	0	0	0	0	0	30	0	0
OTU_126	0	0	0	29	0	0	0	0	0	5	0	0	3	0	0	0	9	0	0
OTU_127	0	0	0	2	0	0	0	0	0	0	0	0	0	0	0	0	29	0	0
OTU_128	0	0	0	0	0	0	0	0	0	0	0	0	0	28	0	0	0	0	6
OTU_129	0	0	0	0	0	0	0	0	0	0	0	0	0	28	0	0	0	0	0
OTU_13	7	0	0	108	0	0	0	0	0	1371	0	0	14	0	0	0	250	0	0
OTU_130	0	0	0	0	0	0	0	0	0	0	0	3	0	0	0	0	28	0	0
OTU_131	0	0	0	0	0	0	0	0	0	0	0	0	0	0	0	0	28	0	0
OTU_132	0	0	0	0	0	0	0	0	0	0	0	0	0	31	0	0	52	0	0
OTU_133	0	0	0	5	0	0	0	0	3	0	0	4	0	4	0	7	0	6	27
OTU_134	0	0	0	0	0	0	0	0	0	0	0	0	0	26	0	0	0	0	0
OTU_135	0	0	0	3	0	0	0	0	0	0	0	0	0	14	0	0	25	0	6
OTU_136	0	0	0	23	0	0	0	0	0	0	5	0	0	0	0	0	0	0	25
OTU_137	0	0	0	0	0	0	0	0	0	0	0	0	0	0	0	0	24	0	0
OTU_138	0	0	0	0	0	0	0	0	0	0	0	0	0	23	0	0	0	0	8
OTU_139	0	0	0	0	0	0	0	0	0	0	0	0	0	27	0	0	4	0	0
OTU_14	19	0	53	1336	0	0	4	4	9	318	2358	0	289	54	45	29	0	0	222
OTU_140	0	0	0	0	0	0	0	0	0	0	0	0	0	23	0	0	0	0	0
OTU_141	0	0	0	0	0	0	0	0	0	0	0	0	0	0	0	0	23	0	0
OTU_142	0	0	0	0	0	0	0	0	0	0	0	0	0	0	0	0	23	0	0
OTU_143	0	0	11	0	0	0	0	0	0	22	0	0	9	0	0	0	32	0	0
OTU_144	14	0	0	0	0	0	3	0	0	0	22	0	0	0	0	0	0	0	0
OTU_145	0	0	0	0	0	0	0	0	0	0	0	22	0	0	0	0	0	0	17
OTU_146	0	0	0	0	0	0	0	0	0	0	0	0	0	36	0	0	0	0	0
OTU_147	0	0	0	0	0	0	0	0	0	0	0	0	0	0	0	0	25	0	0
OTU_148	0	21	0	0	0	0	0	0	0	0	0	0	0	0	0	0	8	0	0
OTU_149	0	0	0	0	0	0	0	0	0	0	0	3	0	21	0	0	0	2	0
OTU_15	712	5	0	0	0	0	65	0	0	0	1131	0	197	0	0	0	0	0	0
OTU_150	0	0	0	0	0	0	0	0	0	0	0	0	0	0	21	0	0	0	0
OTU_151	0	0	0	0	0	0	0	0	0	0	0	0	0	0	0	0	24	0	8
OTU_152	0	0	0	0	0	0	0	0	0	0	0	0	0	20	0	0	7	0	9
OTU_153	0	0	0	0	0	0	0	0	0	0	0	0	0	0	0	0	20	0	0
OTU_154	0	2	0	0	0	0	0	0	0	0	0	0	0	0	0	0	0	0	20
OTU_155	0	4	0	0	0	0	0	0	0	0	0	0	0	19	0	0	0	0	6
OTU_156	0	0	0	0	0	0	0	0	0	0	0	0	0	19	0	0	0	0	0
OTU_157	0	0	0	0	0	0	0	0	0	0	0	0	0	0	0	0	18	0	0
OTU_158	0	0	0	3	0	0	0	0	0	13	0	0	5	0	0	0	17	0	0
OTU_159	0	0	0	0	0	0	0	0	0	0	0	0	0	0	0	0	17	0	0
OTU_16	659	6	0	1043	10	0	494	0	949	15	832	0	273	27	0	1125	16	0	0
OTU_160	0	0	0	16	0	0	0	0	0	0	0	0	0	0	0	0	16	0	0
OTU_161	0	0	0	0	0	0	0	0	0	0	0	0	0	16	0	0	0	0	0
OTU_162	0	0	0	0	0	0	0	0	0	0	0	0	0	24	0	0	0	0	0
OTU_163	0	0	0	0	0	0	0	0	0	0	0	0	0	0	0	0	16	0	0
OTU_164	0	0	0	0	0	0	0	0	0	0	0	0	0	0	0	0	16	0	0
OTU_165	0	0	0	0	0	0	0	0	0	0	0	0	0	0	0	0	16	0	0
OTU_166	0	0	0	0	0	0	0	0	0	0	0	0	0	0	0	0	16	0	0
OTU_167	0	0	0	0	0	0	0	0	0	0	0	0	0	0	0	0	8	0	16
OTU_168	0	0	15	11	0	0	0	0	0	0	0	0	0	0	0	0	4	0	15
OTU_169	5	0	9	15	0	0	0	0	0	0	0	0	0	0	0	0	10	0	0
OTU_17	218	0	0	0	0	0	0	0	0	0	751	0	900	0	0	0	0	0	0
OTU_170	0	0	0	0	0	0	0	0	0	0	0	0	0	15	0	0	0	0	0
OTU_171	0	0	0	0	0	0	0	0	0	0	0	0	0	0	0	0	15	0	0
OTU_172	0	0	0	0	0	0	0	0	0	0	0	0	0	0	0	0	15	0	0
OTU_173	0	0	0	0	0	0	0	0	0	0	0	0	0	14	0	0	11	0	0
OTU_174	0	0	0	0	0	0	0	0	0	0	0	0	0	14	2	0	0	0	0
OTU_175	0	0	0	0	0	0	0	0	0	0	0	0	0	14	0	0	0	0	0
OTU_176	0	0	0	0	0	0	0	0	0	0	0	0	0	14	0	0	0	0	0
OTU_177	0	0	0	0	0	0	0	0	0	0	0	4	0	0	2	0	14	0	0
OTU_178	0	0	0	0	0	0	0	0	0	0	0	2	0	9	0	0	14	0	4
OTU_179	0	0	0	0	0	0	0	0	0	0	0	0	0	13	0	0	24	0	0
OTU_18	22	8	48	1009	0	0	13	7	15	229	1191	0	211	36	42	29	48	0	128
OTU_180	0	0	0	0	0	0	0	0	0	0	0	0	0	0	0	0	14	0	0
OTU_181	0	0	0	0	0	0	0	0	0	0	0	0	0	0	0	0	14	0	0
OTU_182	0	0	0	0	0	0	0	0	0	0	0	0	0	0	0	0	14	0	0
OTU_183	0	13	0	0	0	0	0	0	0	0	0	0	0	0	0	0	0	0	0
OTU_184	0	0	0	0	0	0	0	0	0	0	0	0	13	0	0	0	0	0	0
OTU_185	0	0	0	0	0	0	0	0	0	0	0	0	0	13	0	0	0	0	4
OTU_186	0	0	0	0	0	0	0	0	0	0	0	0	0	19	0	0	0	0	0
OTU_187	0	4	0	0	0	0	0	0	0	0	0	2	0	0	0	0	0	0	13
OTU_188	0	0	0	0	0	0	0	0	0	0	0	0	0	12	0	0	0	0	0
OTU_189	0	0	0	0	0	0	0	0	0	0	0	0	0	16	0	0	0	0	0
OTU_19	9	6	0	77	0	0	0	0	0	828	6	0	21	11	7	0	172	0	6
OTU_190	0	0	0	0	0	0	0	0	0	0	0	0	0	12	0	0	0	0	0
OTU_191	0	0	0	0	0	0	0	0	0	0	0	0	0	0	0	0	0	0	12
OTU_192	0	4	11	0	0	2	0	0	0	0	0	0	0	0	0	0	0	0	0
OTU_193	0	0	0	0	0	0	0	0	0	0	0	0	0	11	0	0	0	0	0
OTU_194	0	0	0	0	0	0	0	0	0	0	0	0	0	11	0	0	0	0	0
OTU_195	0	0	0	0	0	0	0	0	0	0	0	0	0	11	0	0	0	0	0
OTU_196	0	0	0	0	0	0	0	0	0	0	0	0	0	11	0	0	0	0	0
OTU_197	0	0	0	0	0	0	0	0	0	0	0	0	0	0	0	0	11	0	0
OTU_198	0	0	0	0	0	0	0	0	0	0	0	0	0	0	0	0	11	0	0
OTU_199	0	0	0	0	0	0	0	0	0	0	0	0	0	0	0	0	11	0	0
OTU_2	30	0	0	1600	1937	0	89	69	67	19	31	0	35	45037	70	49	45	0	28
OTU_20	429	0	0	0	0	0	0	0	0	0	768	0	436	0	0	0	0	0	0
OTU_200	0	0	0	0	0	0	0	0	0	0	0	0	0	0	0	0	11	0	0
OTU_201	0	0	0	0	0	0	2	0	0	0	0	0	0	0	0	0	11	0	0
OTU_202	0	0	0	0	0	0	0	0	0	0	0	0	0	8	0	0	11	0	0
OTU_203	0	0	0	0	0	0	0	0	0	0	0	0	0	0	0	0	0	0	11
OTU_204	10	0	0	2	0	0	0	0	0	5	0	6	2	0	0	0	0	0	0
OTU_205	0	10	0	0	0	0	0	0	0	0	0	0	0	0	0	0	0	0	6
OTU_206	0	0	17	0	0	0	0	0	0	0	0	0	0	0	0	0	0	0	0
OTU_207	0	0	10	0	0	0	0	0	0	0	0	0	0	0	0	0	0	0	0
OTU_208	0	0	10	0	0	0	0	0	0	0	0	0	0	0	0	0	0	0	0
OTU_209	0	0	0	0	0	0	0	0	0	0	0	10	0	0	0	0	0	0	0
OTU_21	0	0	0	0	0	0	0	0	0	127	0	0	0	13	7	0	630	0	11
OTU_210	0	0	0	0	0	0	0	0	0	0	0	0	0	10	0	0	0	0	0
OTU_211	0	0	0	0	0	0	0	0	0	0	0	0	0	10	0	0	0	0	0
OTU_212	0	0	0	0	0	0	0	0	0	0	0	0	0	10	0	0	0	0	0
OTU_213	0	0	0	0	0	0	0	0	0	0	0	0	0	10	0	0	0	0	0
OTU_214	0	0	0	0	0	0	0	0	0	0	0	0	0	10	0	0	0	0	0
OTU_215	0	0	0	0	0	0	0	0	0	0	0	0	0	13	0	0	0	0	0
OTU_216	0	8	0	0	0	0	0	0	0	0	0	0	0	10	0	0	0	0	0
OTU_217	0	0	0	0	0	0	0	0	0	0	0	0	0	13	0	0	0	0	0
OTU_218	0	0	0	0	0	0	0	0	0	0	0	0	0	10	0	0	0	0	0
OTU_219	0	0	0	0	0	0	0	0	0	0	0	0	0	6	0	0	10	0	0
OTU_22	232	0	0	11	4	0	5	4	0	11	542	0	244	0	6	0	21	0	0
OTU_220	0	0	0	0	0	0	0	0	0	0	0	0	0	0	0	0	10	0	0
OTU_221	0	0	0	0	0	0	0	0	0	0	0	0	0	0	0	0	10	0	0
OTU_222	0	0	0	0	0	0	0	0	0	0	0	8	0	0	0	0	0	0	10
OTU_223	0	0	7	0	0	0	0	0	0	0	0	0	0	0	0	0	0	0	10
OTU_224	0	0	9	0	0	0	0	0	0	0	0	0	0	0	0	0	6	0	0
OTU_225	0	0	0	9	0	0	0	0	0	3	0	0	0	0	0	0	8	0	0
OTU_226	0	0	0	9	0	0	0	0	0	6	0	0	0	0	0	0	0	0	0
OTU_227	0	0	0	0	0	0	0	0	9	0	0	0	0	0	0	0	0	0	0
OTU_228	0	0	0	0	0	0	0	0	0	0	0	0	9	0	0	0	0	0	0
OTU_229	0	0	0	8	0	0	0	0	0	0	0	2	4	9	0	7	0	0	0
OTU_23	305	0	0	11	0	0	33	3	0	10	506	0	102	0	0	2	22	0	0
OTU_230	0	0	0	0	0	0	0	0	0	0	0	0	0	9	0	0	0	0	0
OTU_231	0	0	0	0	0	0	0	0	0	0	0	0	0	9	0	0	0	0	0
OTU_232	0	0	0	0	0	0	0	0	0	0	0	7	0	0	0	0	9	0	0
OTU_233	0	0	0	0	0	0	0	0	0	0	0	0	0	0	0	0	9	0	0
OTU_234	0	0	0	0	0	0	0	0	0	6	3	6	0	0	0	0	9	0	0
OTU_235	0	0	0	0	0	0	0	0	0	0	0	0	0	0	0	0	0	0	9
OTU_236	0	8	0	0	0	0	0	0	0	0	0	0	0	0	0	0	0	0	0
OTU_237	0	0	8	0	0	0	2	0	0	0	0	3	0	0	0	0	0	0	0
OTU_238	0	0	8	0	0	0	0	0	0	0	0	0	0	0	0	0	0	0	0
OTU_239	0	0	8	0	0	0	0	0	0	0	0	0	0	0	0	0	0	0	0
OTU_24	81	6	13	91	0	0	0	0	0	527	112	0	165	0	5	0	163	0	54
OTU_240	0	0	0	0	0	0	0	0	8	0	0	0	0	0	0	0	0	0	0
OTU_241	3	0	0	0	0	0	0	0	0	8	2	0	0	0	0	0	0	0	0
OTU_242	0	0	5	6	0	0	2	0	0	0	0	0	0	8	0	0	0	0	0
OTU_243	0	0	0	0	0	0	0	0	0	0	0	0	0	8	0	0	0	0	0
OTU_244	0	0	0	0	0	0	0	0	0	0	0	0	0	8	0	0	0	0	0
OTU_245	0	0	0	0	0	0	0	0	0	0	0	0	0	8	0	0	0	0	0
OTU_246	0	0	0	0	0	0	0	0	0	0	0	0	0	8	0	0	0	0	0
OTU_247	0	0	0	0	0	0	0	0	0	0	0	0	0	8	0	0	0	0	0
OTU_248	0	0	0	0	0	0	0	0	0	0	0	0	0	0	8	0	0	0	0
OTU_249	0	0	0	0	0	0	0	0	0	0	0	0	0	4	0	0	8	0	0
OTU_25	0	442	0	0	0	0	0	0	0	0	0	0	0	12	0	0	157	0	0
OTU_250	0	0	0	0	0	0	0	0	0	0	0	0	0	0	0	0	8	0	0
OTU_251	0	0	0	0	0	0	0	0	0	0	0	0	0	0	0	0	8	0	0
OTU_252	0	0	0	0	0	0	0	0	0	0	0	0	0	0	0	0	8	0	0
OTU_253	0	0	0	0	0	0	0	0	0	0	0	2	0	0	0	0	8	0	0
OTU_254	0	0	0	0	0	0	0	0	0	0	0	0	0	0	0	0	8	0	0
OTU_255	0	0	0	0	0	0	0	0	0	0	0	0	0	0	0	0	0	0	8
OTU_256	0	0	0	0	0	0	0	0	0	0	0	0	0	0	0	0	0	0	8
OTU_257	0	0	0	0	0	0	0	0	0	0	0	0	0	0	0	0	0	0	8
OTU_258	0	0	0	0	0	0	0	0	0	0	0	0	0	0	0	0	0	0	8
OTU_259	7	0	0	0	0	0	0	0	0	0	0	0	0	0	0	0	0	0	0
OTU_26	0	70	26	0	0	0	8	8	0	0	0	4	0	0	28	0	0	0	440
OTU_260	0	7	0	0	0	0	0	0	0	0	0	0	0	0	0	0	0	0	0
OTU_261	0	6	7	0	0	2	0	0	0	0	0	0	0	0	0	0	0	0	0
OTU_262	0	0	7	0	0	0	0	0	0	0	0	0	0	0	0	0	0	0	0
OTU_263	0	0	0	7	0	0	0	0	0	0	0	0	0	0	0	0	0	0	0
OTU_264	0	0	0	0	0	0	0	0	7	0	0	0	0	0	0	0	0	0	0
OTU_265	0	0	0	0	0	0	0	0	0	0	0	7	0	0	0	0	0	0	0
OTU_266	0	0	0	0	0	0	0	0	0	0	0	0	0	7	0	0	0	0	0
OTU_267	0	0	0	0	0	0	0	0	0	0	0	0	0	7	0	0	0	0	0
OTU_268	0	0	0	0	0	0	0	0	0	0	0	0	0	7	0	0	0	0	0
OTU_269	0	0	0	0	0	0	0	0	0	0	0	0	0	7	0	0	0	0	0
OTU_27	77	0	0	9	6	0	4	3	0	14	344	0	389	0	6	0	17	0	0
OTU_270	0	0	0	0	0	0	0	0	0	0	0	0	0	7	0	0	0	0	0
OTU_271	0	0	0	0	0	0	0	0	0	0	0	0	0	7	0	0	0	0	0
OTU_272	0	0	0	0	0	0	0	0	0	0	0	0	0	7	0	0	0	0	0
OTU_273	0	0	0	0	0	0	0	0	0	0	0	0	0	0	0	0	7	0	0
OTU_274	0	0	0	0	0	0	0	0	0	0	0	0	0	0	0	0	7	0	0
OTU_275	0	0	0	0	0	0	0	0	0	0	0	0	0	0	0	0	7	0	0
OTU_276	0	0	0	0	0	0	0	0	0	0	0	0	0	0	0	0	7	0	0
OTU_277	0	0	0	0	0	0	0	0	0	0	0	0	0	0	0	0	7	0	0
OTU_278	0	0	6	0	0	0	0	0	0	0	0	0	0	0	0	0	0	0	7
OTU_279	0	0	0	0	0	0	0	0	0	0	0	0	0	0	0	0	0	0	7
OTU_28	402	3	0	0	0	0	112	0	41	0	559	0	124	0	0	0	0	0	0
OTU_280	0	0	0	0	0	0	0	0	0	0	0	0	0	0	0	0	0	0	7
OTU_281	0	0	0	0	0	0	0	0	0	0	0	0	0	0	0	0	0	0	7
OTU_282	0	0	0	0	0	0	0	0	0	0	0	0	0	0	0	0	0	0	7
OTU_283	0	6	0	0	0	0	0	0	0	0	0	0	0	0	0	0	0	0	0
OTU_284	0	6	0	0	0	0	0	0	0	0	0	0	0	0	0	0	0	0	0
OTU_285	0	0	6	0	0	0	0	0	0	0	0	0	0	0	0	0	0	0	0
OTU_286	0	0	6	0	0	0	0	0	0	0	0	0	0	0	0	0	0	3	0
OTU_287	0	0	0	0	0	0	6	0	0	0	0	0	0	0	0	0	0	0	0
OTU_288	0	0	0	0	0	0	0	0	0	0	0	6	0	0	0	0	0	0	0
OTU_289	0	0	0	0	0	0	0	0	0	0	0	6	0	0	0	0	0	0	0
OTU_29	0	0	5	0	0	0	0	0	0	99	0	0	16	43	0	0	315	0	15
OTU_290	0	0	0	0	0	0	0	0	0	0	0	0	6	0	0	0	0	0	0
OTU_291	0	0	0	0	0	0	0	0	0	0	0	0	0	6	0	0	0	0	5
OTU_292	0	0	0	0	0	0	0	0	0	0	0	0	0	6	0	0	0	0	0
OTU_293	0	0	0	0	0	0	0	0	0	0	0	0	0	6	0	0	0	0	0
OTU_294	0	0	0	0	0	0	0	0	0	0	0	0	0	6	0	0	0	0	0
OTU_295	0	0	0	0	0	0	0	0	0	0	0	0	0	6	0	0	0	0	0
OTU_296	0	0	0	0	0	0	0	0	0	0	0	0	0	6	0	0	0	0	0
OTU_297	0	0	5	0	0	0	0	0	0	0	0	0	0	5	0	0	6	0	2
OTU_298	0	0	0	0	0	0	0	0	0	0	0	3	0	0	0	0	6	0	6
OTU_299	0	0	4	0	0	0	0	0	0	0	0	0	0	0	0	0	6	0	0
OTU_3	0	0	0	0	0	0	0	0	0	43	0	0	0	24	3	0	14	0	4528
OTU_30	0	276	0	0	0	0	0	0	0	0	0	0	0	0	13	0	0	0	0
OTU_300	0	0	0	0	0	0	0	0	0	0	0	0	0	0	0	0	6	0	0
OTU_301	0	0	0	0	0	0	0	0	0	0	0	0	0	0	0	0	6	0	0
OTU_302	0	0	0	0	0	0	0	0	0	0	0	2	0	0	0	0	6	0	0
OTU_303	0	0	0	0	0	0	0	0	0	0	0	0	0	0	0	0	6	0	0
OTU_304	0	0	0	4	0	0	0	0	0	0	0	0	3	0	0	0	0	0	6
OTU_305	0	0	0	0	0	0	0	0	0	0	0	0	0	0	0	0	0	0	10
OTU_306	0	0	0	0	0	0	0	0	0	0	0	0	0	0	0	0	0	0	6
OTU_307	0	0	0	0	0	0	0	0	0	0	0	0	0	0	0	0	0	0	6
OTU_308	0	0	0	0	0	0	0	0	0	0	0	0	0	0	0	0	0	0	6
OTU_309	0	0	0	0	0	0	0	0	0	0	0	0	0	0	0	0	0	0	6
OTU_31	951	4	0	0	0	0	0	0	0	0	0	0	0	7	0	0	0	0	33
OTU_310	0	0	0	0	0	0	0	0	0	0	0	0	0	0	0	0	0	0	6
OTU_311	5	0	0	0	0	0	0	0	0	0	0	0	0	0	0	0	0	0	0
OTU_312	0	5	0	0	0	0	0	0	0	0	0	0	0	0	0	0	0	2	0
OTU_313	0	5	0	0	0	0	0	0	0	0	0	0	0	0	0	0	0	0	0
OTU_314	0	5	0	0	0	0	0	0	0	0	0	0	0	0	0	0	0	0	0
OTU_315	0	0	5	0	0	0	0	0	0	0	0	0	0	0	0	0	0	0	0
OTU_316	0	0	0	0	0	0	5	0	0	0	0	0	0	0	0	0	0	0	0
OTU_317	0	3	0	0	0	0	0	0	5	0	0	0	0	0	0	0	0	0	0
OTU_318	0	0	0	0	0	0	0	0	0	5	0	0	0	0	0	0	0	0	0
OTU_319	0	0	0	0	0	0	0	0	0	0	0	5	0	0	0	0	0	0	0
OTU_32	0	0	0	0	0	0	0	0	0	0	0	0	0	0	0	0	516	0	0
OTU_320	0	0	0	0	0	0	0	0	0	0	0	5	0	0	0	0	0	0	0
OTU_321	0	0	0	0	0	0	0	0	0	0	0	0	0	5	0	0	0	0	0
OTU_322	0	0	0	0	0	0	0	0	0	0	0	0	0	5	0	0	0	0	0
OTU_323	0	0	0	0	0	0	0	0	0	0	0	0	0	5	0	0	0	0	0
OTU_324	0	0	0	0	0	0	0	0	0	0	0	0	0	5	0	0	0	0	0
OTU_325	0	0	0	0	0	0	0	4	0	0	0	0	0	0	5	0	0	0	0
OTU_326	0	3	0	0	0	0	0	0	0	0	0	0	0	0	5	0	0	0	0
OTU_327	0	0	0	0	0	0	0	0	0	0	0	0	0	0	5	0	0	0	0
OTU_328	0	0	0	0	0	0	0	0	0	0	0	0	0	0	5	0	0	0	0
OTU_329	0	0	0	0	0	0	0	0	0	0	0	3	0	0	0	0	5	0	0
OTU_33	626	0	0	18	0	0	0	0	0	18	0	0	39	13	0	0	248	0	22
OTU_330	0	0	0	0	0	0	0	0	0	0	0	0	0	0	0	0	0	0	5
OTU_331	0	0	0	0	0	0	0	0	0	0	0	0	0	0	0	0	0	0	5
OTU_332	0	0	0	0	0	0	0	0	0	0	0	0	0	0	0	0	0	0	5
OTU_333	0	0	0	0	0	0	0	0	0	0	0	0	0	0	0	0	0	0	8
OTU_334	0	0	0	0	0	0	0	0	0	0	0	0	0	0	0	0	0	0	5
OTU_335	0	0	0	0	0	0	0	0	0	0	2	0	0	0	0	0	0	0	5
OTU_336	4	0	0	0	0	0	0	0	0	0	0	0	0	0	0	0	0	0	0
OTU_337	0	4	0	0	0	0	0	0	0	0	0	0	0	0	0	0	0	0	0
OTU_338	0	4	0	0	0	0	0	0	0	0	0	0	0	0	0	0	0	0	0
OTU_339	0	0	4	0	0	0	0	0	0	0	0	0	0	0	0	0	0	0	0
OTU_34	7	244	0	8	0	0	9	0	0	17	0	0	9	7	0	0	62	0	0
OTU_340	0	0	4	0	0	0	0	0	0	0	0	0	0	0	0	0	0	0	0
OTU_341	0	0	0	0	0	0	0	4	0	0	0	0	0	0	0	0	0	0	0
OTU_342	0	0	0	0	0	0	0	0	4	0	0	0	0	0	0	0	0	0	0
OTU_343	0	0	0	0	0	0	0	2	0	0	0	4	0	0	0	0	0	0	0
OTU_344	0	0	0	0	0	0	0	0	0	0	0	4	0	0	0	0	0	0	0
OTU_345	0	0	0	0	0	0	0	0	0	0	0	0	0	4	0	0	0	0	0
OTU_346	0	0	0	0	0	0	0	0	0	0	0	0	0	4	0	0	0	0	0
OTU_347	0	0	0	0	0	0	0	0	0	0	0	0	0	4	0	0	0	0	0
OTU_348	0	0	0	0	0	0	0	0	0	0	0	0	0	4	0	0	0	0	0
OTU_349	0	0	0	0	0	0	0	0	0	0	0	0	0	0	0	0	4	0	0
OTU_35	0	0	0	21	0	0	0	0	0	236	0	0	0	0	6	0	8	0	0
OTU_350	0	0	0	0	0	0	0	0	0	0	0	0	0	0	0	0	4	0	0
OTU_351	0	0	0	0	0	0	0	0	0	0	0	0	0	0	0	0	4	0	0
OTU_352	0	0	0	0	0	0	0	0	0	0	0	0	0	0	0	0	4	0	0
OTU_353	0	0	0	0	0	0	0	0	0	0	0	0	0	0	0	0	0	4	0
OTU_354	0	0	0	0	0	0	0	0	0	0	0	0	0	0	0	0	0	0	4
OTU_355	0	0	0	0	0	0	0	0	0	0	0	0	0	0	0	0	0	0	4
OTU_356	0	0	0	0	0	0	0	0	0	0	0	0	0	0	0	0	0	0	4
OTU_357	0	0	0	0	0	0	0	0	0	0	0	0	0	0	0	0	0	0	4
OTU_358	0	0	0	0	0	0	0	0	0	0	0	0	0	0	0	0	0	0	4
OTU_359	0	0	0	0	0	0	0	0	0	0	0	0	0	0	0	0	0	0	4
OTU_36	33	8	8	36	0	0	8	0	0	230	53	0	93	21	0	0	48	0	26
OTU_360	0	0	0	0	0	0	0	0	0	0	0	0	0	0	0	0	0	0	4
OTU_361	0	3	0	0	0	0	0	0	0	0	0	0	0	0	0	0	0	0	0
OTU_362	0	0	3	0	0	0	0	0	0	0	0	0	0	0	0	0	0	0	0
OTU_363	0	0	3	0	0	0	0	0	0	0	0	0	0	0	0	0	0	0	0
OTU_364	0	0	3	0	0	0	0	0	0	0	0	0	0	0	0	0	0	0	0
OTU_365	0	0	0	0	0	3	0	0	0	0	0	0	0	0	0	0	0	0	0
OTU_366	0	0	0	0	0	0	0	0	3	0	0	0	0	0	0	0	0	0	0
OTU_367	0	0	0	0	0	0	0	0	0	0	3	0	0	0	0	0	0	0	0
OTU_368	0	0	0	0	0	0	0	0	0	0	0	3	0	0	0	0	0	0	0
OTU_369	0	0	0	0	0	0	0	0	0	0	0	3	0	0	0	0	0	0	0
OTU_37	0	219	17	30	0	0	0	3	0	220	0	0	0	0	0	0	72	0	120
OTU_370	0	0	0	0	0	0	0	0	0	0	0	3	0	0	0	0	0	0	0
OTU_371	0	0	0	0	0	0	0	0	0	0	0	2	0	3	0	0	2	0	0
OTU_372	0	0	0	0	0	0	0	0	0	0	0	0	0	3	0	0	0	0	0
OTU_373	0	0	0	0	0	0	0	0	0	0	0	0	0	3	0	0	0	0	0
OTU_374	0	0	0	0	0	0	0	0	0	0	0	0	0	3	0	0	0	0	0
OTU_375	0	0	0	0	0	0	0	0	0	0	0	0	0	0	0	3	0	0	0
OTU_376	0	0	0	0	0	0	0	0	0	0	0	0	0	0	0	0	3	0	0
OTU_377	0	0	0	0	0	0	0	0	0	0	0	0	0	0	0	0	3	0	0
OTU_378	0	0	0	0	0	0	0	0	0	0	0	0	0	0	0	0	0	3	0
OTU_379	0	0	0	0	0	0	0	0	0	0	0	0	0	0	0	0	0	3	0
OTU_38	203	3	0	0	0	0	48	0	23	9	330	0	56	0	3	3	18	0	0
OTU_380	0	0	0	0	0	0	0	0	0	0	0	0	0	0	0	0	0	0	3
OTU_381	0	0	0	0	0	0	0	0	0	0	0	0	0	0	0	0	0	0	3
OTU_382	0	0	0	0	0	0	0	0	0	0	0	0	0	0	0	0	0	0	3
OTU_383	0	0	0	0	0	0	0	0	0	0	0	0	0	0	0	0	0	0	3
OTU_384	0	0	0	0	0	0	0	0	0	0	0	0	0	0	0	0	0	0	3
OTU_385	0	0	0	0	0	0	0	0	0	0	0	0	0	0	0	0	0	0	3
OTU_386	0	0	0	0	0	0	0	0	0	0	0	0	0	0	0	0	0	0	3
OTU_387	0	0	0	0	0	0	0	0	0	0	0	0	0	0	0	0	0	0	3
OTU_388	0	0	0	0	0	0	0	0	0	0	0	0	0	0	0	0	0	0	3
OTU_389	0	0	0	0	0	0	0	0	0	0	0	0	0	0	0	0	0	0	3
OTU_39	0	199	0	0	0	0	0	0	0	0	0	0	0	0	0	0	3	0	0
OTU_390	0	0	0	0	0	0	0	0	0	0	0	0	0	0	0	0	0	0	3
OTU_391	0	0	0	0	0	0	0	0	0	0	0	0	0	0	0	0	0	0	3
OTU_392	0	0	0	0	0	0	0	0	0	0	0	0	0	0	0	0	0	0	3
OTU_393	0	2	0	0	0	0	0	0	0	0	0	0	0	0	0	0	0	0	0
OTU_394	0	2	0	0	0	0	0	0	0	0	0	0	0	0	0	0	0	0	0
OTU_395	0	2	0	0	0	0	0	0	0	0	0	0	0	0	0	0	0	0	0
OTU_396	0	2	0	0	0	0	0	0	0	0	0	0	0	0	0	0	0	0	0
OTU_397	0	2	0	0	0	0	0	0	0	0	0	0	0	0	0	0	0	0	0
OTU_398	0	2	0	0	0	0	0	0	0	0	0	0	0	0	0	0	0	0	0
OTU_399	0	0	2	0	0	0	0	0	0	0	0	0	0	0	0	0	0	0	0
OTU_4	0	0	0	0	0	0	0	3088	0	0	0	0	0	25	3031	0	0	0	0
OTU_40	0	0	0	0	0	0	12	0	0	0	0	0	0	9	0	0	0	0	193
OTU_400	0	0	2	0	0	0	0	0	0	0	0	0	0	0	0	0	0	0	0
OTU_401	0	0	2	0	0	0	0	0	0	0	0	0	0	0	0	0	0	0	0
OTU_402	0	0	0	0	0	0	0	0	2	0	0	0	0	0	0	0	0	0	0
OTU_403	0	0	0	0	0	0	0	0	0	0	2	0	0	0	0	0	0	0	0
OTU_404	0	0	0	0	0	0	0	0	0	0	0	2	0	0	0	0	0	0	0
OTU_405	0	0	0	0	0	0	0	0	0	0	0	2	0	0	0	0	0	0	0
OTU_406	0	0	0	0	0	0	0	0	0	0	0	2	0	0	0	0	0	0	0
OTU_407	0	0	0	0	0	0	0	0	0	0	0	2	0	0	0	0	0	0	0
OTU_408	0	0	0	0	0	0	0	0	0	0	0	0	0	2	0	0	0	0	0
OTU_409	0	0	0	0	0	0	0	0	0	0	0	0	0	2	0	0	0	0	0
OTU_41	0	0	0	114	187	0	0	0	0	0	0	0	0	0	0	0	0	0	0
OTU_410	0	0	0	0	0	0	0	0	0	0	0	0	0	2	0	0	0	0	0
OTU_411	0	0	0	0	0	0	0	0	0	0	0	0	0	2	0	0	0	0	0
OTU_412	0	0	0	0	0	0	0	0	0	0	0	0	0	2	0	0	0	0	0
OTU_413	0	0	0	0	0	0	0	0	0	0	0	0	0	0	2	0	0	0	0
OTU_414	0	0	0	0	0	0	0	0	0	0	0	0	0	0	0	0	2	0	0
OTU_415	0	0	0	0	0	0	0	0	0	0	0	0	0	0	0	0	2	0	0
OTU_416	0	0	0	0	0	0	0	0	0	0	0	0	0	0	0	0	0	2	0
OTU_417	0	0	0	0	0	0	0	0	0	0	0	0	0	0	0	0	0	2	0
OTU_418	0	0	0	0	0	0	0	0	0	0	0	0	0	0	0	0	0	0	2
OTU_419	0	0	0	0	0	0	0	0	0	0	0	0	0	0	0	0	0	0	2
OTU_42	0	0	0	0	0	0	0	0	0	0	0	0	0	0	0	0	0	0	165
OTU_420	0	0	0	0	0	0	0	0	0	0	0	0	0	0	0	0	0	0	2
OTU_421	0	0	0	0	0	0	0	0	0	0	0	0	0	0	0	0	0	0	2
OTU_422	0	0	0	0	0	0	0	0	0	0	0	0	0	0	0	0	0	0	2
OTU_423	0	0	0	0	0	0	0	0	0	0	0	0	0	0	0	0	0	0	2
OTU_424	0	0	0	0	0	0	0	0	0	0	0	0	0	0	0	0	0	0	2
OTU_425	0	0	0	0	0	0	0	0	0	0	0	0	0	0	0	0	0	0	2
OTU_426	0	0	0	0	0	0	0	0	0	0	0	0	0	0	0	0	0	0	2
OTU_43	0	0	0	82	0	0	6	0	0	0	0	13	0	0	0	0	161	0	0
OTU_44	0	14	6	0	0	0	7	0	0	0	0	0	105	0	0	0	152	0	0
OTU_45	0	25	11	4	0	0	0	0	0	3	0	0	0	40	8	0	5	0	151
OTU_46	0	0	21	0	0	0	0	0	0	0	0	0	0	0	6	0	0	0	147
OTU_47	0	0	0	0	0	0	0	0	0	7	0	0	7	11	0	0	254	0	10
OTU_48	0	39	31	25	0	0	2	0	0	20	0	0	0	11	9	2	17	0	122
OTU_49	0	0	0	0	0	0	0	0	0	0	0	0	0	0	0	0	0	0	120
OTU_5	0	0	0	0	0	0	1974	0	2690	0	0	0	0	21	0	795	0	0	0
OTU_50	0	38	18	152	0	0	4	0	0	55	6	8	0	14	13	4	4	0	132
OTU_51	0	0	0	0	0	0	0	0	0	117	0	0	0	0	0	0	0	0	0
OTU_52	0	0	0	0	0	0	0	0	0	0	0	0	0	0	0	0	116	0	57
OTU_53	0	0	0	13	0	0	6	0	0	114	0	0	7	5	0	0	0	0	0
OTU_54	0	0	0	0	0	0	0	0	0	0	9	0	0	111	0	0	5	0	44
OTU_55	0	0	0	110	0	0	0	0	0	0	0	0	0	0	0	0	0	0	0
OTU_56	8	104	15	30	0	0	0	0	3	110	2	0	3	60	0	0	30	0	66
OTU_57	0	0	0	0	0	0	0	0	0	0	0	0	0	0	0	0	0	0	110
OTU_58	0	0	0	0	0	0	0	0	0	0	0	0	0	0	0	0	109	0	0
OTU_59	0	0	0	73	0	0	0	107	0	0	0	0	0	0	0	0	0	0	0
OTU_6	8	3	0	73	47	0	63	2508	47	15	12	0	16	16	2308	23	21	0	0
OTU_60	0	0	0	0	0	0	0	0	0	106	0	0	0	0	0	0	0	0	28
OTU_61	17	0	0	17	0	0	58	0	0	9	16	0	30	0	0	105	0	0	42
OTU_62	0	0	0	103	0	0	0	0	0	0	0	0	72	0	0	0	0	0	5
OTU_63	0	0	2	102	0	0	0	0	0	6	0	0	10	8	28	0	5	0	8
OTU_64	0	0	0	0	0	0	0	0	0	0	0	0	0	35	0	0	0	0	92
OTU_65	0	0	10	0	0	0	0	0	0	0	0	0	0	0	0	0	0	0	96
OTU_66	0	0	0	74	0	0	0	0	0	91	0	0	0	0	0	0	15	0	6
OTU_67	0	89	0	0	0	0	0	0	0	0	0	0	0	0	0	0	0	0	0
OTU_68	5	0	0	0	0	0	19	0	0	0	0	0	4	83	0	0	3	0	5
OTU_69	0	2	0	0	0	0	0	0	0	0	0	4	0	0	0	0	83	0	0
OTU_7	0	0	0	6	0	0	0	0	0	13	0	4	0	57	0	0	0	0	2416
OTU_70	0	0	82	0	0	0	0	0	0	0	0	0	0	12	0	0	39	0	0
OTU_71	0	0	0	156	0	0	0	0	0	0	0	0	0	0	34	0	0	0	0
OTU_72	4	0	0	50	79	0	7	0	0	5	7	0	7	0	0	0	8	0	0
OTU_73	0	5	0	0	0	0	0	0	7	0	0	0	0	79	0	0	0	0	18
OTU_74	0	0	0	76	0	0	7	68	7	0	0	0	0	22	13	6	0	0	0
OTU_75	0	7	4	0	0	0	0	0	0	0	0	0	0	0	0	0	0	0	76
OTU_76	10	6	3	19	0	0	9	0	0	15	0	0	60	7	0	0	71	0	0
OTU_77	0	0	0	0	0	0	0	0	0	0	0	0	0	0	0	0	69	0	0
OTU_78	6	25	11	67	0	0	5	0	0	38	0	0	9	14	6	0	12	0	24
OTU_79	0	0	0	0	0	0	0	0	0	0	0	17	0	0	0	0	89	0	0
OTU_8	0	0	0	0	0	0	0	0	0	0	0	0	2218	0	0	0	387	0	0
OTU_80	6	0	0	59	0	0	0	0	0	32	8	0	64	0	0	0	16	0	0
OTU_81	0	0	0	0	0	0	0	0	0	0	0	2	0	0	0	0	64	0	0
OTU_82	0	0	6	0	0	0	0	5	6	0	0	8	0	0	10	3	0	0	64
OTU_83	0	0	0	6	0	0	0	0	0	63	0	0	8	0	0	0	12	0	0
OTU_84	0	0	0	23	0	0	0	0	0	63	0	0	0	0	0	0	0	0	0
OTU_85	0	0	0	0	0	0	0	0	0	0	0	0	0	0	0	0	63	0	0
OTU_86	0	17	29	14	0	0	0	0	0	15	0	0	0	48	0	0	11	0	63
OTU_87	17	0	0	0	0	0	0	0	0	116	0	0	0	0	0	0	0	0	0
OTU_88	0	61	0	8	0	0	0	0	0	0	4	0	0	0	0	0	3	0	0
OTU_89	0	0	3	25	0	0	0	2	0	60	0	0	2	0	2	0	9	0	6
OTU_9	1193	6	0	2152	16	0	505	0	1849	0	1429	0	539	0	0	2123	0	0	0
OTU_90	5	0	0	0	0	0	0	0	0	0	0	0	0	0	0	0	57	0	29
OTU_91	0	0	0	0	0	0	0	0	0	0	0	0	0	0	0	0	57	0	0
OTU_92	0	0	0	0	0	0	0	0	0	0	0	0	0	0	0	0	0	0	57
OTU_93	0	11	4	0	0	3	0	0	0	0	0	5	0	0	2	0	0	13	56
OTU_94	0	0	0	0	0	0	0	0	0	0	0	0	0	55	0	0	0	0	6
OTU_95	0	0	0	0	0	0	0	0	0	0	0	5	0	7	0	0	0	0	53
OTU_96	0	0	0	0	0	0	0	0	0	49	0	0	0	0	0	0	0	0	11
OTU_97	0	9	0	48	0	0	13	0	0	30	0	4	0	0	16	0	13	0	9
OTU_98	0	0	0	47	0	0	0	0	0	0	3	0	0	0	0	0	4	0	0
OTU_99	0	0	0	10	0	0	24	0	0	0	0	0	23	0	0	47	0	0	20
