#OTU ID	SRR15655215	SRR15655218	SRR15655228	SRR15655231	SRR15655234	SRR15655241	SRR15655244	SRR15655248	SRR15655254	SRR15655258	SRR15655264	SRR15655267	SRR15655268	SRR15655274	SRR15655287	SRR15655291	SRR15655294	SRR15655300
ASV_1	   19	    0	    0	 2988	 3643	    0	    6	    0	    2	   12	    0	    0	82877	    4	    0	    4	    0	   32
ASV_2	   32	    5	    0	 1715	 2088	   96	   75	   76	   20	   33	    0	   34	49765	   78	   49	   49	    0	   35
ASV_3	 334	   0	   0	2271	   0	   0	   0	   0	   0	1387	   0	 386	   0	   0	2212	   0	   0	   0
ASV_4	   0	   0	   0	   0	   0	   0	3295	   3	   0	   0	   0	   0	  33	3201	   0	   0	   0	   0
ASV_5	   0	   0	   0	   0	   0	2118	   0	2842	   0	   0	   0	   0	  23	   0	 842	   0	   0	   0
ASV_6	  11	   3	   0	  82	  50	  65	2664	  53	  16	  16	   0	  19	  20	2425	  23	  23	   0	   0
ASV_7	   0	   0	   0	   6	   0	   0	   0	   0	  44	   0	   0	   0	  30	   0	   0	  14	   0	5035
ASV_8	   9	   0	   0	  90	  36	1442	  73	2082	  10	  15	   0	  20	  31	  73	 637	  17	   0	   0
ASV_9	 146	   6	   0	1144	   9	   0	   0	   0	  16	 840	   0	 219	   0	   0	1222	   0	   0	   0
ASV_10	 915	   6	   0	   0	  17	 533	   0	1930	   0	 134	   0	   0	   0	   0	   0	   0	   0	   0
ASV_11	   0	   0	   0	   7	   0	   0	   0	   7	   0	   0	   4	   0	  72	   0	   0	   0	   0	2777
ASV_12	   0	   0	  56	 580	   0	   0	   4	  10	 340	1279	   0	 217	  57	   0	  30	   4	   0	 188
ASV_13	   0	   0	   0	   0	   0	   0	   0	   0	   0	   0	   0	2320	   0	   0	   0	   0	   0	   0
ASV_14	   0	   0	   0	   0	   0	   0	   0	   0	   0	   0	   0	   0	2290	   0	   0	   0	   0	   0
ASV_15	  0	  9	 53	477	  0	 13	  0	 17	249	890	  0	171	 43	 49	 33	  0	  0	147
ASV_16	   0	   0	   0	   0	   0	   0	   0	   0	2118	   0	   0	   8	   0	   0	   0	   0	   0	   0
ASV_17	 694	   6	   0	   0	   0	   0	   0	   0	   0	1201	   0	 160	   0	   0	   0	   0	   0	   0
ASV_18	229	  0	  0	  0	  0	  0	  0	  0	  0	838	  0	964	  0	  0	  0	  0	  0	  0
ASV_19	 503	   0	   0	   0	   0	 309	   0	1068	   0	  86	   0	  26	   0	   0	   0	  19	   0	   0
ASV_20	471	  0	  0	  0	  0	  0	  0	  0	  0	847	  0	466	  0	  0	  0	  0	  0	  0
ASV_21	   0	   4	   0	  14	   0	   0	   0	   0	  24	  13	   0	1502	   0	   6	   0	  53	   0	   0
ASV_22	 20	  0	  0	829	  0	  4	  0	  0	  0	572	  0	 97	  0	  0	  0	  0	  0	 53
ASV_23	   0	   0	   0	  10	   0	   0	   0	   0	1468	   6	   0	  24	   0	   0	   0	  33	   0	   0
ASV_24	   0	   0	   0	   0	   0	   0	   0	   0	1443	   0	   0	   0	   0	   0	   0	   0	   0	   0
ASV_25	   0	   0	   0	   0	   0	   0	   0	   0	   0	   0	   0	   0	1378	   0	   0	   0	   0	   0
ASV_26	252	  0	  0	 11	  6	  5	  4	  0	 12	575	  0	261	  0	  7	  0	 21	  0	  0
ASV_27	 24	  0	  0	605	  0	  0	  8	  0	  0	372	  0	 64	  0	  0	  0	 52	  0	  0
ASV_28	345	  4	  0	  0	  0	121	  0	 44	  0	363	  0	134	  0	  0	  0	  0	  0	  4
ASV_29	 82	  0	  0	 12	  6	  0	  3	  0	 15	414	  0	436	  0	  6	  0	 19	  0	  0
ASV_30	296	  0	  0	 10	  0	  8	  3	  0	 13	519	  0	104	  0	  0	  2	 24	  0	  0
ASV_31	  9	  6	  0	 14	  0	  0	  0	  0	875	  6	  0	  0	  0	  7	  0	 58	  0	  0
ASV_32	  0	  6	 13	  0	  0	  0	  0	  0	520	  0	  5	  0	  0	  7	  0	 61	  0	 62
ASV_33	241	  0	  0	  0	  0	  0	  0	  0	  0	  0	  0	  0	  7	  0	  0	421	  0	  0
ASV_34	106	  0	  0	  0	  0	551	  0	  0	  0	  0	  0	  0	 10	  0	  0	  0	  0	  0
ASV_35	  0	 75	 28	  0	  0	  8	 12	  0	  0	  0	  4	  0	  6	 28	  0	  4	  0	496
ASV_36	  0	  3	  0	  0	  0	  0	  0	  0	  0	  0	  0	  0	  0	  0	  0	654	  0	  0
ASV_37	  0	  0	  0	  0	  0	  0	  0	  0	  0	630	  0	  0	  0	  0	  0	  0	  0	  0
ASV_38	180	  3	  0	  0	  0	 68	  0	 26	  9	218	  0	 61	  0	  3	  0	 19	  0	  2
ASV_39	197	  0	  0	 19	  0	  4	  0	  0	 20	  0	  0	 74	  0	  0	  0	263	  0	  0
ASV_40	 90	  0	  0	104	  0	  0	  0	  0	  0	135	  0	177	  0	  0	  0	  0	  0	  0
ASV_41	  0	198	 18	 36	  0	  0	  3	  0	228	  0	  0	  0	  0	  0	  0	  0	  0	  0
ASV_42	  0	460	  0	  0	  0	  0	  0	  0	  0	  0	  0	  0	  0	  0	  0	  0	  0	  0
ASV_43	  0	  0	  0	  0	  0	  0	  0	  0	  0	406	  0	  0	  0	  0	  0	  0	  0	  0
ASV_44	  0	 10	  0	  0	  0	  0	  5	  0	242	  0	  0	 22	 20	  6	  0	 39	  0	 35
ASV_45	 72	  0	  0	  0	  0	261	  0	  0	  0	  0	  0	  0	 39	  0	  0	  0	  0	  0
ASV_46	  3	  4	  3	  0	  0	  0	  0	  0	  0	  0	  0	 17	  0	  0	  0	318	  0	  0
ASV_47	286	  4	  0	  0	  0	  0	  0	  0	  0	  0	  0	  0	  0	  0	  0	  0	  0	 41
ASV_48	  0	  0	  0	119	200	  0	  0	  0	  0	  0	  0	  0	  0	  0	  0	  0	  0	  0
ASV_49	  7	261	  0	 10	  0	  0	  0	  0	  0	  0	  0	 11	  0	  0	  0	 21	  0	  0
ASV_50	 73	  0	  0	  0	  0	  0	  0	  0	  0	236	  0	  0	  0	  0	  0	  0	  0	  0
ASV_51	  0	  0	  0	107	  0	  6	  0	  0	  0	  0	 13	  0	  0	  0	  0	170	  0	  0
ASV_52	  0	287	  7	  0	  0	  0	  0	  0	  0	  0	  0	  0	  0	  0	  0	  0	  0	  0
ASV_53	  8	113	 17	 32	  0	  0	  0	  3	116	  3	  0	  0	  0	  0	  0	  0	  0	  0
ASV_54	  0	  0	  0	 25	  0	  0	  0	  0	251	  0	  0	  0	  0	  6	  0	  9	  0	  0
ASV_55	  0	  0	  0	  0	  0	  0	  0	  0	  0	  0	  0	  0	  0	  0	  0	277	  0	  0
ASV_56	  0	  0	  0	  0	  0	  0	  0	  0	  0	  0	  0	  0	  0	  0	  0	271	  0	  0
ASV_57	  2	  0	 34	 27	  0	  2	  0	  0	 20	  0	  0	  0	 13	  9	  2	 18	  0	139
ASV_58	  0	 25	 12	  4	  0	  0	  0	  0	  3	  0	  0	  0	 47	  8	  0	  5	  0	162
ASV_59	263	  0	  0	  0	  0	  0	  0	  0	  0	  0	  0	  0	  0	  0	  0	  0	  0	  0
ASV_60	  0	  0	  0	  0	  0	  0	  0	  0	  0	  0	  0	  0	  0	  0	  0	251	  0	  0
ASV_61	190	  7	  0	  0	  0	  0	  0	  0	  0	  0	  0	  0	 18	  0	  0	  0	  0	 29
ASV_62	 19	  0	  0	 22	  0	  0	  0	  0	  9	  0	  0	 32	  0	  0	112	  0	  0	 46
ASV_63	 4	 0	 0	80	 3	 8	80	 7	 0	 0	 0	 0	26	13	 6	 5	 0	 0
ASV_64	37	 0	 0	41	 0	 8	 0	 0	10	60	 0	74	 0	 0	 0	 0	 0	 0
ASV_65	  0	  0	  0	  0	  0	 12	  0	  0	  0	  0	  0	  0	 11	  0	  0	  0	  0	207
ASV_66	  0	219	  0	  0	  0	  0	  0	  0	  0	  0	  0	  0	  0	  0	  0	  3	  0	  0
ASV_67	217	  0	  0	  0	  0	  0	  0	  0	  0	  0	  0	  0	  0	  0	  0	  0	  0	  0
ASV_68	  2	  0	  0	 84	  0	  0	  0	  0	104	  0	  0	  0	  0	  0	  0	 18	  0	  5
ASV_69	 0	 0	18	 0	 0	 4	 0	 0	61	 0	 8	 0	16	15	 4	 0	 0	85
ASV_70	  0	  0	  0	 84	  0	  0	126	  0	  0	  0	  0	  0	  0	  0	  0	  0	  0	  0
ASV_71	  0	 13	  6	  6	  0	  7	  0	  0	  0	  0	  0	  0	  3	  0	  0	164	  0	  8
ASV_72	 0	 0	30	15	 0	 0	 2	 0	17	 0	 0	 0	58	 0	 0	13	 0	68
ASV_73	  0	  0	  0	  0	  0	  0	  0	  0	  8	  9	  0	  0	127	  0	  0	 13	  0	 44
ASV_74	 6	 0	 0	64	 0	 0	 0	 0	35	 8	 0	65	 0	 0	 0	16	 0	 0
ASV_75	  0	  0	  0	110	  0	  0	  0	  0	  0	  0	  0	 79	  0	  0	  0	  0	  0	  5
ASV_76	  0	  0	  0	  0	  0	  0	  0	  0	  0	  0	  0	189	  0	  0	  0	  0	  0	  0
ASV_77	  0	  0	  0	  0	  0	  0	  0	  0	  0	  0	  0	  0	  0	  0	  0	121	  0	 64
ASV_78	  0	  0	  0	  0	  0	  0	  0	  0	  0	  0	  0	  0	  0	  0	  0	  0	  0	180
ASV_79	  0	  0	  0	110	  0	  0	  0	  0	  6	  0	  0	  0	 12	 30	  0	  8	  0	  9
ASV_80	  0	  0	  0	  0	  0	  0	  0	  0	109	  0	  0	  0	 47	  0	  0	  0	  0	 18
ASV_81	 4	 0	 0	53	81	 7	 0	 0	 5	 7	 0	 7	 0	 0	 0	 9	 0	 0
ASV_82	  0	  0	  0	 18	  0	 10	  0	  0	118	  0	  0	  7	  6	  0	  0	 10	  0	  0
ASV_83	 37	  0	  0	  0	  0	  0	  0	  0	  0	131	  0	  0	  0	  0	  0	  0	  0	  0
ASV_84	  0	  0	 21	  0	  0	  0	  0	  0	  0	  0	  0	  0	  0	  0	  0	  0	  0	146
ASV_85	  0	  0	  0	  0	  0	  0	  0	  0	134	  0	  0	  0	 14	  4	  0	  0	  0	 13
ASV_86	  0	  0	  0	  5	  0	  0	  2	  0	  8	  0	  0	  0	 13	  0	  0	123	  0	 12
ASV_87	  0	  0	  0	  0	  0	  0	  0	  0	  0	  0	  0	 22	 12	  0	  0	122	  0	  7
ASV_88	  0	  0	  0	  0	  0	  4	  0	  0	  0	  0	  0	  0	 44	  0	  0	  0	  0	109
ASV_89	153	  0	  0	  0	  0	  0	  0	  0	  0	  0	  0	  0	  0	  0	  0	  0	  0	  0
ASV_90	  0	  0	  0	  0	  0	  0	  0	  0	117	  0	  0	  0	  0	  0	  0	  0	  0	 30
ASV_91	141	  0	  0	  0	  0	  0	  0	  0	  0	  0	  0	  0	  0	  0	  0	  0	  0	  0
ASV_92	  0	  0	  0	  0	  0	  0	  0	  0	  0	  0	  0	  0	  0	  0	  0	141	  0	  0
ASV_93	  0	  0	  0	  0	  0	  0	  0	  0	  0	  0	  0	  0	  0	  0	  0	  0	  0	141
ASV_94	67	 0	 0	 0	 0	72	 0	 0	 0	 0	 0	 0	 0	 0	 0	 0	 0	 0
ASV_95	 0	 9	 3	21	 0	10	 0	 0	 0	 0	 0	 0	 9	 0	 0	85	 0	 0
ASV_96	  6	  0	  0	  0	  0	 23	  0	  0	  0	  0	  0	  0	100	  0	  0	  3	  0	  4
ASV_97	  7	  0	  0	113	  0	  0	  0	  0	  0	  0	  0	 14	  0	  0	  0	  0	  0	  0
ASV_98	  2	  0	  0	131	  0	  0	  0	  0	  0	  0	  0	  0	  0	  0	  0	  0	  0	  0
ASV_99	  0	  0	  0	  0	  0	  0	  0	  0	132	  0	  0	  0	  0	  0	  0	  0	  0	  0
ASV_100	 0	 0	 0	13	 0	 0	 0	 0	12	 0	 0	25	 5	 4	49	 0	 0	23
ASV_101	  0	  0	  0	  0	  0	  0	  0	  0	  0	  0	  0	  0	  3	  0	  0	  0	  0	123
ASV_102	  0	  0	 11	  0	  0	  0	  0	  0	  0	  0	  0	  0	  0	  0	  0	  0	  0	114
ASV_103	  0	  2	  0	  0	  0	  0	  0	  0	  0	  0	  4	  0	  0	  0	  0	116	  0	  0
ASV_104	 0	 0	 0	84	 0	 0	 0	 0	 0	 0	 0	 0	 0	37	 0	 0	 0	 0
ASV_105	  0	  0	  0	119	  0	  0	  0	  0	  0	  0	  0	  0	  0	  0	  0	  0	  0	  0
ASV_106	 0	 0	 0	37	 0	 0	 0	 0	 5	 0	 4	 0	29	 2	 0	40	 0	 2
ASV_107	 0	 0	 3	26	 0	 0	 2	 0	67	 0	 0	 0	 0	 2	 0	10	 0	 7
ASV_108	  0	  0	  0	  0	  0	  0	  0	  0	  0	  0	  0	  0	  0	  0	  0	117	  0	  0
ASV_109	  0	  0	  0	  0	  0	  0	  0	  0	  0	  0	  0	114	  0	  0	  0	  0	  0	  0
ASV_110	  0	  0	  0	  0	  0	  0	  0	  0	  0	  0	  0	  0	  0	  0	  0	  0	  0	114
ASV_111	 0	 0	 0	 0	 4	 7	 0	 5	17	 0	 0	 0	34	 0	 0	46	 0	 0
ASV_112	  0	  0	  0	  0	  0	  0	  0	  0	  0	  0	  0	  0	113	  0	  0	  0	  0	  0
ASV_113	  0	  0	  0	  0	  0	  0	  0	  0	  0	  0	  0	  0	111	  0	  0	  0	  0	  0
ASV_114	 0	 0	 0	 0	 0	 0	 0	 0	 0	 0	 0	 0	89	 0	 0	 0	 0	19
ASV_115	 0	30	 0	 0	 0	 0	 0	 0	 0	 0	 0	 0	 0	 0	 0	76	 0	 0
ASV_116	 0	 0	 6	 0	 0	 0	 5	 5	 0	 0	 8	 0	 0	10	 3	 0	 0	68
ASV_117	10	 0	 0	 0	 0	 0	 0	 0	18	 5	 0	71	 0	 0	 0	 0	 0	 0
ASV_118	 0	11	 6	 0	 0	 0	 0	 0	 0	 0	 5	 0	 0	 0	 0	 0	13	66
ASV_119	 0	 0	87	 0	 0	 0	 0	 0	 0	 0	 0	 0	10	 0	 0	 0	 0	 3
ASV_120	 0	 0	13	 0	 0	 5	 0	 0	28	 0	 0	 0	14	 0	 0	12	 0	28
ASV_121	 4	 0	 0	 0	 0	 0	 0	 0	 0	 0	 0	 2	 0	 0	 0	61	 0	31
ASV_122	 0	 0	 0	26	 0	 0	 0	 0	70	 0	 0	 0	 0	 0	 0	 0	 0	 0
ASV_123	 6	 0	 0	68	 0	 0	 0	 0	11	 0	 0	 9	 0	 0	 0	 0	 0	 0
ASV_124	 0	92	 0	 0	 0	 0	 0	 0	 0	 0	 0	 0	 0	 0	 0	 0	 0	 0
ASV_125	 0	 7	 4	 0	 0	 0	 0	 0	 0	 0	 0	 0	 0	 0	 0	 0	 0	81
ASV_126	 6	 0	 0	 7	 0	 0	 0	 0	66	 0	 2	 6	 0	 0	 0	 4	 0	 0
ASV_127	 0	41	 0	43	 0	 0	 0	 0	 0	 6	 0	 0	 0	 0	 0	 0	 0	 0
ASV_128	 0	 0	 0	 6	 0	 0	 0	 0	69	 0	 0	 0	 0	 0	 0	14	 0	 0
ASV_129	 0	 0	 0	 0	 0	 0	 0	 0	 0	 0	17	 0	 0	 0	 0	72	 0	 0
ASV_130	17	 0	 0	 0	 0	 0	 0	 0	69	 0	 0	 0	 0	 0	 0	 0	 0	 0
ASV_131	39	 2	 0	 0	 0	 0	 0	 0	 0	30	 0	14	 0	 0	 0	 0	 0	 0
ASV_132	 0	 9	 0	 0	 0	14	 0	 0	31	 0	 5	 0	 0	 0	 0	14	 0	11
ASV_133	 0	 0	 0	 0	 0	 0	 0	 0	 0	 0	 6	 0	32	 0	 0	43	 0	 0
ASV_134	 0	65	 0	 8	 0	 0	 0	 0	 0	 4	 0	 0	 0	 0	 0	 3	 0	 0
ASV_135	 0	 0	 0	 0	 0	 0	 0	 0	 0	 0	 2	 0	 0	 0	 0	74	 0	 4
ASV_136	 0	 0	 0	 0	 0	 0	 0	 0	 0	 0	 0	 0	43	 0	 0	 0	 0	36
ASV_137	 0	 0	 0	 0	 0	 0	 0	 0	 0	 0	 0	 0	 0	 0	 0	79	 0	 0
ASV_138	24	 0	 0	 0	 0	41	 0	 0	 0	 0	 0	 0	13	 0	 0	 0	 0	 0
ASV_139	 0	 0	 0	 0	 0	 0	 0	 0	 0	 0	 0	78	 0	 0	 0	 0	 0	 0
ASV_140	 0	 0	 0	 0	 0	 0	 0	 0	 0	 0	 0	 0	 0	 0	 0	78	 0	 0
ASV_141	26	 0	 0	 0	 0	27	 0	 0	 0	12	 0	 8	 0	 0	 0	 4	 0	 0
ASV_142	 0	 0	 0	 0	 0	 0	 0	 0	 0	 0	 0	 0	 0	 0	 0	59	 0	16
ASV_143	 0	 0	 0	 0	 0	 0	 0	 0	 0	 0	 0	 0	 7	 0	 0	 0	 0	67
ASV_144	 3	 0	 0	 0	 0	 0	 0	 0	35	 0	 0	 6	14	 0	 0	 7	 0	 6
ASV_145	 0	 0	 0	 0	 0	 0	 0	 0	 0	 0	 2	 0	 0	 0	 0	69	 0	 0
ASV_146	 0	 0	 0	 0	 0	 0	 0	 0	 0	 0	 0	 0	 0	 0	 0	70	 0	 0
ASV_147	 0	 0	 0	 0	 0	 0	 0	 0	56	 0	 0	 0	 0	 0	 0	 0	 0	13
ASV_148	 0	 0	 0	 0	 0	 0	 0	 0	 0	 0	 0	 0	 0	 0	 0	 0	 0	69
ASV_149	 0	 0	 0	 7	 0	 0	 0	 4	 0	 0	 5	 0	 5	 0	 8	 3	 6	29
ASV_150	 0	 0	 0	 0	 0	 0	 0	 0	 0	 0	 0	 0	61	 0	 0	 0	 0	 6
ASV_151	32	 0	 0	10	 0	 6	 0	 0	 8	 0	10	 0	 0	 0	 0	 0	 0	 0
ASV_152	 0	 0	 0	 0	 0	 0	 0	 0	 4	 0	 6	 0	18	 0	 0	36	 0	 0
ASV_153	 0	 0	 0	 0	 0	 0	 0	 0	 0	 0	 0	 0	 0	 0	 0	 0	 0	64
ASV_154	 0	 0	 0	 0	 0	 0	 0	 0	 0	 0	 0	 0	 0	 0	 0	 0	 0	64
ASV_155	 0	 0	 0	63	 0	 0	 0	 0	 0	 0	 0	 0	 0	 0	 0	 0	 0	 0
ASV_156	 0	 0	 0	 0	 0	 0	 0	 0	 0	 0	 0	 0	63	 0	 0	 0	 0	 0
ASV_157	 0	 0	 0	 0	 0	 0	 0	 0	 4	 0	 0	 6	 0	 0	 0	52	 0	 0
ASV_158	 0	 0	 3	 0	 0	 0	 0	 0	 0	 0	10	 0	 0	 0	 5	 0	 5	38
ASV_159	 0	 0	 0	 0	 0	 0	 0	 0	 0	 0	 0	 0	61	 0	 0	 0	 0	 0
ASV_160	 0	 0	 0	53	 0	 0	 0	 0	 0	 3	 0	 0	 0	 0	 0	 4	 0	 0
ASV_161	 0	 0	 0	 0	 0	60	 0	 0	 0	 0	 0	 0	 0	 0	 0	 0	 0	 0
ASV_162	 0	 0	 0	 0	 0	 0	 0	 0	 0	 0	 0	 0	59	 0	 0	 0	 0	 0
ASV_163	 0	 0	 0	 0	 0	 0	 0	 0	58	 0	 0	 0	 0	 0	 0	 0	 0	 0
ASV_164	 0	 0	50	 0	 0	 0	 0	 0	 0	 0	 0	 0	 7	 0	 0	 0	 0	 0
ASV_165	 0	 0	 0	 0	 0	 0	 0	 0	 0	 0	 0	 0	 0	 0	 0	 0	 0	57
ASV_166	 0	25	 0	25	 0	 0	 0	 0	 0	 5	 0	 0	 0	 0	 0	 0	 0	 0
ASV_167	 0	 0	 0	 0	 0	 0	 0	 0	23	 0	 0	 0	 0	 0	 0	32	 0	 0
ASV_168	 0	 0	 0	 0	 0	 0	 0	 0	 0	 0	 0	 0	 0	 0	 0	55	 0	 0
ASV_169	 0	 0	 0	 0	 0	 0	 0	 0	 0	 0	 0	 0	 0	 0	 0	55	 0	 0
ASV_170	 0	 2	 0	 0	 0	 0	 0	 0	 0	 0	 0	 0	 0	 0	 0	 0	 0	52
ASV_171	 0	 0	 0	54	 0	 0	 0	 0	 0	 0	 0	 0	 0	 0	 0	 0	 0	 0
ASV_172	 0	 0	 0	53	 0	 0	 0	 0	 0	 0	 0	 0	 0	 0	 0	 0	 0	 0
ASV_173	 0	 0	 0	 0	 0	 0	 0	 0	 0	 0	 0	50	 0	 0	 0	 0	 0	 0
ASV_174	 0	 0	 0	 3	 0	 0	 0	 0	 0	 0	 0	 0	18	 0	 0	28	 0	 0
ASV_175	 0	 0	 0	13	 0	 0	 0	 0	36	 0	 0	 0	 0	 0	 0	 0	 0	 0
ASV_176	 0	 0	 0	 0	 0	 0	 0	 0	 0	 0	 4	 0	 0	 0	 0	45	 0	 0
ASV_177	 0	 0	 0	 0	 0	 0	 0	 0	 0	 0	 0	 0	 0	49	 0	 0	 0	 0
ASV_178	 0	 4	 2	 0	 0	 0	 0	 0	 0	 0	22	 0	 0	 0	 0	 0	 0	20
ASV_179	 0	 0	31	 0	 0	 0	 0	 0	 0	 0	 0	 0	 0	 3	 0	14	 0	 0
ASV_180	 0	 0	 0	30	 0	 0	 0	 0	 5	 0	 0	 3	 0	 0	 0	10	 0	 0
ASV_181	 0	 0	 0	 0	 0	 0	 0	 0	 0	 0	 0	 0	40	 0	 0	 0	 0	 8
ASV_182	 0	 0	 0	 0	 0	 0	 0	 0	 0	 0	 0	 0	21	 0	 0	 0	 0	27
ASV_183	15	 0	 0	 3	 0	 3	 0	 0	 0	25	 0	 0	 0	 0	 0	 0	 0	 0
ASV_184	 0	 0	 0	 0	 0	 0	 0	 0	 0	 0	 0	 0	31	 0	 0	 4	 0	11
ASV_185	 0	38	 0	 0	 0	 0	 0	 0	 0	 0	 0	 0	 0	 0	 0	 7	 0	 0
ASV_186	 0	 0	 0	 0	 0	 0	 0	 0	45	 0	 0	 0	 0	 0	 0	 0	 0	 0
ASV_187	 0	 0	 0	 0	 0	 0	 0	 0	 0	 0	 0	 0	26	 0	 0	 0	 0	17
ASV_188	 5	 0	 9	17	 0	 0	 0	 0	 0	 0	 0	 0	 0	 0	 0	11	 0	 0
ASV_189	 0	 0	 0	 0	 0	 0	 0	 0	 0	 0	 0	 0	 0	 0	 0	42	 0	 0
ASV_190	 0	 0	 0	 0	 0	 0	 0	 0	 0	 0	 0	 0	 0	 0	 0	 0	 0	42
ASV_191	 0	41	 0	 0	 0	 0	 0	 0	 0	 0	 0	 0	 0	 0	 0	 0	 0	 0
ASV_192	 0	 9	 0	 0	 0	 0	 0	 0	 0	 0	 0	 0	 0	 0	 0	 0	 0	31
ASV_193	 0	 0	 0	40	 0	 0	 0	 0	 0	 0	 0	 0	 0	 0	 0	 0	 0	 0
ASV_194	 0	 0	 0	 0	 0	 0	 0	 0	 0	 0	 0	 0	33	 0	 0	 0	 0	 6
ASV_195	 0	 0	 0	 0	 0	 0	 0	 0	 0	 0	 0	 0	39	 0	 0	 0	 0	 0
ASV_196	 0	 0	 0	 0	 0	 0	 0	 0	 0	 0	 0	 0	 0	 0	 0	32	 0	 7
ASV_197	 0	 0	 0	 3	 0	 0	 0	 0	13	 0	 0	 5	 0	 0	 0	17	 0	 0
ASV_198	 0	 0	 0	 0	 0	 0	 0	 0	 0	 0	 0	 0	38	 0	 0	 0	 0	 0
ASV_199	 0	 0	 0	 0	 0	 0	 0	 0	 0	 0	 0	 0	 0	 0	 0	35	 0	 3
ASV_200	 0	 0	 0	 0	 0	 0	 0	 0	 0	 0	 0	 0	 0	 0	 0	37	 0	 0
ASV_201	 0	 0	 0	36	 0	 0	 0	 0	 0	 0	 0	 0	 0	 0	 0	 0	 0	 0
ASV_202	 0	 4	 0	 0	 0	 0	 0	 0	 0	 0	 0	 0	23	 0	 0	 0	 0	 8
ASV_203	 0	 0	 0	 2	 0	 0	 0	 0	 0	 0	 0	 0	 0	 0	 0	33	 0	 0
ASV_204	 0	 0	 0	 0	 0	 0	 0	 0	 0	 0	 0	 0	 7	 0	 0	28	 0	 0
ASV_205	 0	 0	 0	 0	 0	 0	 0	 0	 0	 0	 0	 0	 0	35	 0	 0	 0	 0
ASV_206	 0	 0	 0	 0	 0	 0	 0	 0	 0	 0	 0	 0	34	 0	 0	 0	 0	 0
ASV_207	4	0	0	8	0	6	0	0	0	6	2	0	0	0	7	0	0	0
ASV_208	 0	 0	 0	 0	 0	 0	 0	 0	 0	 0	 0	 0	30	 2	 0	 0	 0	 0
ASV_209	 0	 0	 0	 0	 0	 0	 0	 0	 0	 0	 0	 0	32	 0	 0	 0	 0	 0
ASV_210	 0	 0	 0	 0	 0	 0	 0	 0	 0	 0	 0	 0	 0	 0	 0	32	 0	 0
ASV_211	 0	 0	 0	 0	 0	 0	 0	 0	 0	 0	 0	 0	 0	 0	 0	31	 0	 0
ASV_212	 0	 0	 0	 0	 0	 0	 0	 0	 0	 0	 0	 0	 0	 0	 0	31	 0	 0
ASV_213	 0	 0	 0	 0	 0	 0	 0	 0	 0	 0	 0	 0	 0	 0	 0	31	 0	 0
ASV_214	 0	 0	 0	 0	 0	 0	 0	 0	 0	 0	 0	30	 0	 0	 0	 0	 0	 0
ASV_215	 0	 0	 0	12	 0	 0	 0	 0	 0	 0	 0	 0	 0	 0	 0	 0	 0	17
ASV_216	 0	 0	 0	 0	 0	 0	 0	 0	 5	 0	 0	 0	 0	 0	 0	24	 0	 0
ASV_217	 0	 0	 0	 0	 0	 0	 0	 0	 0	 0	 5	 0	22	 0	 0	 0	 2	 0
ASV_218	 0	 0	 0	 0	 0	 0	 0	 0	 0	 0	 0	 0	29	 0	 0	 0	 0	 0
ASV_219	 0	 0	 0	 0	 0	 0	 0	 0	 0	 0	 0	 0	18	 0	 0	11	 0	 0
ASV_220	 0	 0	 0	 0	 0	 0	 0	 0	 0	 0	 0	 0	16	 0	 0	 8	 0	 5
ASV_221	 0	 0	 0	 0	 0	 0	 0	 0	 0	 0	 0	 0	19	 0	 0	10	 0	 0
ASV_222	 0	 0	 0	 0	 0	 0	 0	 0	 0	 0	 0	 0	 0	 0	 0	29	 0	 0
ASV_223	 0	 0	 0	 0	 0	 0	 0	 0	 0	 0	 0	 0	 0	 0	 0	29	 0	 0
ASV_224	 0	 0	 0	 0	 0	 0	 0	 0	 0	 0	 0	 0	28	 0	 0	 0	 0	 0
ASV_225	 0	 0	 0	 0	 0	 0	 0	 0	 0	 0	 0	 0	28	 0	 0	 0	 0	 0
ASV_226	 0	 0	 0	 0	 0	 0	 0	 0	 0	 0	 0	 0	 0	 0	 0	28	 0	 0
ASV_227	 0	 3	 0	 0	 0	 0	 0	 0	 0	 0	 0	 0	 0	 0	 0	 0	 0	24
ASV_228	 0	 3	 0	 0	 0	 0	 0	 0	 0	 0	10	 0	 0	 0	 0	 0	 0	13
ASV_229	 0	 0	 0	 0	 0	26	 0	 0	 0	 0	 0	 0	 0	 0	 0	 0	 0	 0
ASV_230	12	 0	 0	 3	 0	 0	 0	 0	 0	 0	 8	 0	 2	 0	 0	 0	 0	 0
ASV_231	 0	 0	 0	 0	 0	 0	 0	 0	 0	 0	 0	 0	 0	 0	 0	25	 0	 0
ASV_232	 0	 0	 0	 0	 0	 0	 0	 0	 0	 0	 0	 0	 0	 0	 0	16	 0	 9
ASV_233	 0	 0	 0	 0	 0	 0	 0	 0	 0	 0	 0	 0	 0	 0	 0	25	 0	 0
ASV_234	 0	 0	 0	 0	 0	 0	 0	 0	 0	 0	 0	 0	 0	 0	 0	 0	 0	25
ASV_235	 0	 0	 0	 0	 0	 0	 0	 0	 0	 0	 0	 0	24	 0	 0	 0	 0	 0
ASV_236	 0	 0	 0	 0	 0	 0	 0	 0	 0	 0	 0	 0	 0	 0	 0	24	 0	 0
ASV_237	 0	 0	 0	 0	 0	 0	 0	 0	 0	 0	 0	 0	 0	 0	 0	24	 0	 0
ASV_238	 0	 0	 0	 0	 0	 0	 0	 0	 0	 0	 5	 0	 0	 0	 0	18	 0	 0
ASV_239	 0	 0	 0	 0	 0	 0	 0	 0	 0	 0	 0	 0	 0	 0	 0	23	 0	 0
ASV_240	 0	 0	 0	 0	 0	 0	 0	 0	 0	 0	 0	 0	 0	 0	 0	 8	 0	15
ASV_241	 0	22	 0	 0	 0	 0	 0	 0	 0	 0	 0	 0	 0	 0	 0	 0	 0	 0
ASV_242	0	0	5	7	0	2	0	0	0	0	0	0	8	0	0	0	0	0
ASV_243	 0	 0	 0	 0	 0	 0	 0	 0	 0	 0	 0	 0	22	 0	 0	 0	 0	 0
ASV_244	 0	 0	 0	 0	 0	 0	 0	 0	 0	 0	 0	 0	22	 0	 0	 0	 0	 0
ASV_245	 2	 0	 0	 0	 0	 0	 0	 0	 0	 0	 0	 0	 0	 0	 0	19	 0	 0
ASV_246	 0	 0	 0	 0	 0	 0	 0	 0	 4	 0	 0	 0	 0	 0	 0	17	 0	 0
ASV_247	 0	 0	 0	 0	 0	 0	 0	 0	 0	 0	 0	 0	21	 0	 0	 0	 0	 0
ASV_248	 0	 0	 0	 0	 0	 0	 0	 0	 0	 0	 0	 0	 0	21	 0	 0	 0	 0
ASV_249	 0	 0	 0	 0	 0	 0	 0	 0	 0	 0	 0	 0	 0	 0	 0	21	 0	 0
ASV_250	 0	 0	 0	 0	 0	 0	 0	 0	 0	 0	 0	 0	 0	 0	 0	21	 0	 0
ASV_251	 0	 0	16	 0	 0	 0	 0	 0	 0	 0	 0	 0	 0	 0	 0	 4	 0	 0
ASV_252	 0	 0	 0	 0	 0	 0	 0	 0	 0	 0	 0	 0	 0	 0	 0	20	 0	 0
ASV_253	 0	 0	 0	 0	 0	 3	 0	 0	 0	 0	 0	 0	 0	16	 0	 0	 0	 0
ASV_254	 0	 0	 0	 0	 0	 0	 0	 0	 0	19	 0	 0	 0	 0	 0	 0	 0	 0
ASV_255	 0	 0	 0	 0	 0	 0	 0	 0	 0	 0	 0	 0	19	 0	 0	 0	 0	 0
ASV_256	 0	 0	 0	 0	 0	 0	 0	 0	 0	 0	 0	 0	19	 0	 0	 0	 0	 0
ASV_257	 0	 0	 0	 0	 0	 0	 0	 0	 0	 0	 0	 0	 0	 0	 0	19	 0	 0
ASV_258	 0	 0	 0	 0	 0	 0	 0	 0	 0	 0	 0	 0	 0	 0	 0	 0	 0	19
ASV_259	 0	 0	 0	 0	 0	 0	 0	 0	 0	 0	 3	 0	12	 0	 0	 0	 0	 3
ASV_260	 0	 0	 0	 0	 0	 0	 0	 0	 0	 0	 0	 0	18	 0	 0	 0	 0	 0
ASV_261	 0	 0	 0	 0	 0	 0	 0	 0	 0	 0	 0	 0	 0	 0	 0	18	 0	 0
ASV_262	 0	 0	 0	 0	 0	 0	 0	 0	 0	 0	 0	 0	 0	 0	 0	18	 0	 0
ASV_263	 0	17	 0	 0	 0	 0	 0	 0	 0	 0	 0	 0	 0	 0	 0	 0	 0	 0
ASV_264	0	3	9	0	0	0	0	0	0	0	0	0	0	5	0	0	0	0
ASV_265	 0	 0	 0	 0	 0	 0	 0	 0	 0	 0	 0	 0	17	 0	 0	 0	 0	 0
ASV_266	 0	 0	 0	 0	 0	 0	 0	 0	 0	 0	 0	 0	13	 0	 0	 0	 0	 4
ASV_267	 0	 0	 0	 0	 0	 0	 0	 0	 0	 0	 0	 0	17	 0	 0	 0	 0	 0
ASV_268	 0	 0	 0	 0	 0	 0	 0	 0	 0	 0	 0	 0	 0	 0	 0	17	 0	 0
ASV_269	 0	 0	 0	 0	 0	 0	 0	 0	 0	 0	 0	 0	 0	 0	 0	17	 0	 0
ASV_270	 0	16	 0	 0	 0	 0	 0	 0	 0	 0	 0	 0	 0	 0	 0	 0	 0	 0
ASV_271	 0	 0	 0	16	 0	 0	 0	 0	 0	 0	 0	 0	 0	 0	 0	 0	 0	 0
ASV_272	0	0	0	0	0	0	0	0	0	0	7	0	0	0	0	9	0	0
ASV_273	 0	 0	 0	 0	 0	 0	 0	 0	 0	 0	 0	16	 0	 0	 0	 0	 0	 0
ASV_274	 0	 0	 0	 0	 0	 0	 0	 0	 0	 0	 0	 0	16	 0	 0	 0	 0	 0
ASV_275	 0	 0	 0	 0	 0	 0	 0	 0	 0	 0	 0	 0	16	 0	 0	 0	 0	 0
ASV_276	 0	 0	 0	 0	 0	 0	 0	 0	 0	 0	 0	 0	 0	16	 0	 0	 0	 0
ASV_277	 0	 0	 0	 0	 0	 0	 0	 0	 0	 0	 0	 0	 0	 0	 0	16	 0	 0
ASV_278	 0	 0	 0	 0	 0	 0	 0	 0	 0	 0	 0	 0	 0	 0	 0	16	 0	 0
ASV_279	 0	 0	 0	 0	 0	 0	 0	 0	 0	 0	 0	 0	 0	 0	 0	16	 0	 0
ASV_280	 0	 0	 0	 0	 0	 0	 0	 0	 0	 0	 0	 0	 0	 0	 0	16	 0	 0
ASV_281	 0	 0	10	 0	 0	 2	 0	 0	 0	 0	 3	 0	 0	 0	 0	 0	 0	 0
ASV_282	 0	 0	10	 0	 0	 0	 0	 0	 0	 0	 0	 0	 0	 0	 0	 0	 0	 5
ASV_283	 0	 0	 0	15	 0	 0	 0	 0	 0	 0	 0	 0	 0	 0	 0	 0	 0	 0
ASV_284	0	0	0	4	0	2	0	0	0	0	0	9	0	0	0	0	0	0
ASV_285	0	0	0	0	0	0	0	0	6	0	0	5	0	0	0	4	0	0
ASV_286	 0	 0	 0	 0	 0	 0	 0	 0	 0	 0	 0	 0	15	 0	 0	 0	 0	 0
ASV_287	 0	 0	 0	 0	 0	 0	 0	 0	 0	 0	 0	 0	15	 0	 0	 0	 0	 0
ASV_288	 0	 0	 0	 0	 0	 0	 0	 0	 0	 0	 0	 0	15	 0	 0	 0	 0	 0
ASV_289	 0	 0	 0	 0	 0	 0	 0	 0	 0	 0	 0	 0	15	 0	 0	 0	 0	 0
ASV_290	 0	 0	 0	 0	 0	 0	 0	 0	 0	 0	 0	 0	 0	 0	 0	15	 0	 0
ASV_291	 0	 0	 0	 0	 0	 0	 0	 0	 0	 0	 0	 0	 0	 0	 0	15	 0	 0
ASV_292	 0	 0	 0	 0	 0	 0	 0	 0	 0	 0	 0	 0	 0	 0	 0	15	 0	 0
ASV_293	0	0	6	0	0	0	0	0	0	0	0	0	0	0	0	0	0	8
ASV_294	0	0	0	0	0	0	0	0	5	3	6	0	0	0	0	0	0	0
ASV_295	 0	 0	 0	 0	 0	 0	 0	 0	 0	 0	 0	 0	14	 0	 0	 0	 0	 0
ASV_296	 0	 0	 0	 0	 0	 0	 0	 0	 0	 0	 0	 0	14	 0	 0	 0	 0	 0
ASV_297	 0	 0	 0	 0	 0	 0	 0	 0	 0	 0	 0	 0	14	 0	 0	 0	 0	 0
ASV_298	 0	 0	 0	 0	 0	 0	 0	 0	 0	 0	 0	 0	10	 0	 0	 4	 0	 0
ASV_299	 0	 0	 0	 0	 0	 0	 0	 0	 0	 0	 0	 0	14	 0	 0	 0	 0	 0
ASV_300	 0	 0	 0	 0	 0	 0	 0	 0	 0	 0	 0	 0	 0	14	 0	 0	 0	 0
ASV_301	 0	13	 0	 0	 0	 0	 0	 0	 0	 0	 0	 0	 0	 0	 0	 0	 0	 0
ASV_302	0	0	7	0	0	0	0	0	0	0	3	0	3	0	0	0	0	0
ASV_303	 0	 0	 0	 0	 0	 0	 0	 0	 0	 0	 0	13	 0	 0	 0	 0	 0	 0
ASV_304	 0	 0	 0	 0	 0	 0	 0	 0	 0	 0	 0	 0	13	 0	 0	 0	 0	 0
ASV_305	 0	 0	 0	 0	 0	 0	 0	 0	 0	 0	 0	 0	13	 0	 0	 0	 0	 0
ASV_306	 0	 0	 0	 0	 0	 0	 0	 0	 0	 0	 0	 0	 0	 0	 0	13	 0	 0
ASV_307	 0	 0	 0	 0	 0	 0	 0	 0	 0	 0	 0	 0	 0	 0	 0	13	 0	 0
ASV_308	 0	 0	 0	 0	 0	 0	 0	 0	 0	 0	 0	 0	 0	 0	 0	 0	 0	13
ASV_309	 0	 0	 0	 0	 0	 0	 0	 0	 0	 0	 0	 0	 0	 0	 0	 0	 0	13
ASV_310	 0	12	 0	 0	 0	 0	 0	 0	 0	 0	 0	 0	 0	 0	 0	 0	 0	 0
ASV_311	0	0	5	0	0	0	0	0	0	0	0	0	5	0	0	0	0	2
ASV_312	0	0	0	9	0	0	0	0	3	0	0	0	0	0	0	0	0	0
ASV_313	0	0	0	6	0	0	0	0	0	0	0	0	0	0	0	0	0	6
ASV_314	0	0	0	0	0	0	4	0	0	0	0	0	0	8	0	0	0	0
ASV_315	 0	 0	 0	 0	 0	 0	 0	 0	 0	 0	12	 0	 0	 0	 0	 0	 0	 0
ASV_316	0	0	0	0	0	0	0	0	0	0	2	0	0	0	0	6	0	4
ASV_317	0	0	0	0	0	0	0	0	0	0	0	0	4	0	0	8	0	0
ASV_318	 0	 0	 0	 0	 0	 0	 0	 0	 0	 0	 0	 0	12	 0	 0	 0	 0	 0
ASV_319	 0	 0	 0	 0	 0	 0	 0	 0	 0	 0	 0	 0	12	 0	 0	 0	 0	 0
ASV_320	 0	 0	 0	 0	 0	 0	 0	 0	 0	 0	 0	 0	12	 0	 0	 0	 0	 0
ASV_321	 0	 0	 0	 0	 0	 0	 0	 0	 0	 0	 0	 0	12	 0	 0	 0	 0	 0
ASV_322	 0	 0	 0	 0	 0	 0	 0	 0	 0	 0	 0	 0	12	 0	 0	 0	 0	 0
ASV_323	 0	 0	 0	 0	 0	 0	 0	 0	 0	 0	 0	 0	12	 0	 0	 0	 0	 0
ASV_324	 0	 0	 0	 0	 0	 0	 0	 0	 0	 0	 0	 0	 0	 0	 0	12	 0	 0
ASV_325	 0	 0	 0	 0	 0	 0	 0	 0	 0	 0	 0	 0	 0	 0	 0	12	 0	 0
ASV_326	 0	 0	 0	 0	 0	 0	 0	 0	 0	 0	 0	 0	 0	 0	 0	 0	 0	12
ASV_327	 0	 0	11	 0	 0	 0	 0	 0	 0	 0	 0	 0	 0	 0	 0	 0	 0	 0
ASV_328	0	0	9	0	0	0	0	0	0	0	0	0	0	2	0	0	0	0
ASV_329	 0	 0	11	 0	 0	 0	 0	 0	 0	 0	 0	 0	 0	 0	 0	 0	 0	 0
ASV_330	 0	 0	 0	11	 0	 0	 0	 0	 0	 0	 0	 0	 0	 0	 0	 0	 0	 0
ASV_331	 0	 0	 0	 0	 0	 0	 0	 0	 0	11	 0	 0	 0	 0	 0	 0	 0	 0
ASV_332	 0	 0	 0	 0	 0	 0	 0	 0	 0	 0	 0	 0	11	 0	 0	 0	 0	 0
ASV_333	 0	 0	 0	 0	 0	 0	 0	 0	 0	 0	 0	 0	11	 0	 0	 0	 0	 0
ASV_334	 0	 0	 0	 0	 0	 0	 0	 0	 0	 0	 0	 0	11	 0	 0	 0	 0	 0
ASV_335	 0	 0	 0	 0	 0	 0	 0	 0	 0	 0	 0	 0	11	 0	 0	 0	 0	 0
ASV_336	 0	 0	 0	 0	 0	 0	 0	 0	 0	 0	 0	 0	11	 0	 0	 0	 0	 0
ASV_337	 0	 0	 0	 0	 0	 0	 0	 0	 0	 0	 0	 0	11	 0	 0	 0	 0	 0
ASV_338	 0	 0	 0	 0	 0	 0	 0	 0	 0	 0	 0	 0	 0	 0	 0	11	 0	 0
ASV_339	 0	 0	 0	 0	 0	 0	 0	 0	 0	 0	 0	 0	 0	 0	 0	11	 0	 0
ASV_340	 0	 0	 0	 0	 0	 0	 0	 0	 0	 0	 0	 0	 0	 0	 0	11	 0	 0
ASV_341	 0	 0	 0	 0	 0	 0	 0	 0	 0	 0	 0	 0	 0	 0	 0	11	 0	 0
ASV_342	 0	 0	 0	 0	 0	 0	 0	 0	 0	 0	 0	 0	 0	 0	 0	11	 0	 0
ASV_343	 0	 0	 0	 0	 0	 0	 0	 0	 0	 0	 0	 0	 0	 0	 0	11	 0	 0
ASV_344	 0	 0	 0	 0	 0	 0	 0	 0	 0	 0	 0	 0	 0	 0	 0	 0	 0	11
ASV_345	 0	 0	 0	 0	 0	 0	 0	 0	 0	 0	 0	 0	 0	 0	 0	 0	 0	11
ASV_346	 0	 0	 0	 0	 0	 0	 0	 0	 0	 0	 0	 0	 0	 0	 0	 0	 0	11
ASV_347	 0	10	 0	 0	 0	 0	 0	 0	 0	 0	 0	 0	 0	 0	 0	 0	 0	 0
ASV_348	 0	 0	10	 0	 0	 0	 0	 0	 0	 0	 0	 0	 0	 0	 0	 0	 0	 0
ASV_349	 0	 0	10	 0	 0	 0	 0	 0	 0	 0	 0	 0	 0	 0	 0	 0	 0	 0
ASV_350	0	0	4	0	0	0	0	0	0	0	0	0	0	0	0	6	0	0
ASV_351	 0	 0	 0	 0	 0	 0	 0	 0	 0	 0	 0	10	 0	 0	 0	 0	 0	 0
ASV_352	 0	 0	 0	 0	 0	 0	 0	 0	 0	 0	 0	10	 0	 0	 0	 0	 0	 0
ASV_353	 0	 0	 0	 0	 0	 0	 0	 0	 0	 0	 0	 0	10	 0	 0	 0	 0	 0
ASV_354	0	0	0	0	0	0	0	0	0	0	0	0	5	0	0	0	0	5
ASV_355	 0	 0	 0	 0	 0	 0	 0	 0	 0	 0	 0	 0	10	 0	 0	 0	 0	 0
ASV_356	 0	 0	 0	 0	 0	 0	 0	 0	 0	 0	 0	 0	10	 0	 0	 0	 0	 0
ASV_357	 0	 0	 0	 0	 0	 0	 0	 0	 0	 0	 0	 0	10	 0	 0	 0	 0	 0
ASV_358	 0	 0	 0	 0	 0	 0	 0	 0	 0	 0	 0	 0	10	 0	 0	 0	 0	 0
ASV_359	 0	 0	 0	 0	 0	 0	 0	 0	 0	 0	 0	 0	 0	 0	 0	10	 0	 0
ASV_360	 0	 0	 0	 0	 0	 0	 0	 0	 0	 0	 0	 0	 0	 0	 0	10	 0	 0
ASV_361	 0	 0	 0	 0	 0	 0	 0	 0	 0	 0	 0	 0	 0	 0	 0	10	 0	 0
ASV_362	 0	 0	 0	 0	 0	 0	 0	 0	 0	 0	 0	 0	 0	 0	 0	10	 0	 0
ASV_363	0	9	0	0	0	0	0	0	0	0	0	0	0	0	0	0	0	0
ASV_364	0	0	9	0	0	0	0	0	0	0	0	0	0	0	0	0	0	0
ASV_365	0	0	0	9	0	0	0	0	0	0	0	0	0	0	0	0	0	0
ASV_366	0	0	0	0	0	0	0	9	0	0	0	0	0	0	0	0	0	0
ASV_367	0	0	0	0	0	0	0	0	0	0	4	0	0	0	0	5	0	0
ASV_368	0	0	0	0	0	0	0	0	0	0	0	3	0	0	0	6	0	0
ASV_369	0	0	0	0	0	0	0	0	0	0	0	0	9	0	0	0	0	0
ASV_370	0	0	0	0	0	0	0	0	0	0	0	0	7	0	0	0	0	2
ASV_371	0	0	0	0	0	0	0	0	0	0	0	0	9	0	0	0	0	0
ASV_372	0	0	0	0	0	0	0	0	0	0	0	0	9	0	0	0	0	0
ASV_373	0	0	0	0	0	0	0	0	0	0	0	0	9	0	0	0	0	0
ASV_374	0	0	0	0	0	0	0	0	0	0	0	0	0	0	0	9	0	0
ASV_375	0	0	0	0	0	0	0	0	0	0	0	0	0	0	0	0	0	9
ASV_376	0	0	0	0	0	0	0	0	0	0	0	0	0	0	0	0	0	9
ASV_377	0	0	0	0	0	0	0	0	0	0	0	0	0	0	0	0	0	9
ASV_378	0	0	0	0	0	0	0	0	0	0	0	0	0	0	0	0	0	9
ASV_379	0	0	0	0	0	0	0	0	0	0	0	0	0	0	0	0	0	9
ASV_380	4	0	0	0	0	0	0	0	0	0	0	4	0	0	0	0	0	0
ASV_381	0	6	2	0	0	0	0	0	0	0	0	0	0	0	0	0	0	0
ASV_382	0	0	8	0	0	0	0	0	0	0	0	0	0	0	0	0	0	0
ASV_383	0	0	8	0	0	0	0	0	0	0	0	0	0	0	0	0	0	0
ASV_384	0	0	8	0	0	0	0	0	0	0	0	0	0	0	0	0	0	0
ASV_385	0	0	0	0	0	0	0	8	0	0	0	0	0	0	0	0	0	0
ASV_386	0	0	0	0	0	0	0	0	8	0	0	0	0	0	0	0	0	0
ASV_387	0	0	0	0	0	0	0	0	8	0	0	0	0	0	0	0	0	0
ASV_388	0	0	0	0	0	0	0	0	0	0	8	0	0	0	0	0	0	0
ASV_389	0	0	0	0	0	0	0	0	0	0	5	0	3	0	0	0	0	0
ASV_390	0	0	0	0	0	0	0	0	0	0	2	0	6	0	0	0	0	0
ASV_391	0	0	0	0	0	0	0	0	0	0	2	0	4	0	0	2	0	0
ASV_392	0	0	0	0	0	0	0	0	0	0	2	0	0	0	0	6	0	0
ASV_393	0	0	0	0	0	0	0	0	0	0	0	0	6	0	0	0	0	2
ASV_394	0	0	0	0	0	0	0	0	0	0	0	0	8	0	0	0	0	0
ASV_395	0	0	0	0	0	0	0	0	0	0	0	0	8	0	0	0	0	0
ASV_396	0	0	0	0	0	0	0	0	0	0	0	0	8	0	0	0	0	0
ASV_397	0	0	0	0	0	0	0	0	0	0	0	0	8	0	0	0	0	0
ASV_398	0	0	0	0	0	0	0	0	0	0	0	0	8	0	0	0	0	0
ASV_399	0	0	0	0	0	0	0	0	0	0	0	0	8	0	0	0	0	0
ASV_400	0	0	0	0	0	0	0	0	0	0	0	0	8	0	0	0	0	0
ASV_401	0	0	0	0	0	0	0	0	0	0	0	0	8	0	0	0	0	0
ASV_402	0	0	0	0	0	0	0	0	0	0	0	0	0	0	0	8	0	0
ASV_403	0	0	0	0	0	0	0	0	0	0	0	0	0	0	0	8	0	0
ASV_404	0	0	0	0	0	0	0	0	0	0	0	0	0	0	0	0	0	8
ASV_405	0	0	0	0	0	0	0	0	0	0	0	0	0	0	0	0	0	8
ASV_406	0	0	0	0	0	0	0	0	0	0	0	0	0	0	0	0	0	8
ASV_407	7	0	0	0	0	0	0	0	0	0	0	0	0	0	0	0	0	0
ASV_408	7	0	0	0	0	0	0	0	0	0	0	0	0	0	0	0	0	0
ASV_409	0	7	0	0	0	0	0	0	0	0	0	0	0	0	0	0	0	0
ASV_410	0	0	4	0	0	0	0	0	0	0	0	0	0	3	0	0	0	0
ASV_411	0	0	7	0	0	0	0	0	0	0	0	0	0	0	0	0	0	0
ASV_412	0	0	0	7	0	0	0	0	0	0	0	0	0	0	0	0	0	0
ASV_413	0	0	0	0	0	7	0	0	0	0	0	0	0	0	0	0	0	0
ASV_414	0	0	0	0	0	0	0	7	0	0	0	0	0	0	0	0	0	0
ASV_415	0	0	0	0	0	0	0	0	0	0	5	0	0	2	0	0	0	0
ASV_416	0	0	0	0	0	0	0	0	0	0	0	7	0	0	0	0	0	0
ASV_417	0	0	0	0	0	0	0	0	0	0	0	0	7	0	0	0	0	0
ASV_418	0	0	0	0	0	0	0	0	0	0	0	0	7	0	0	0	0	0
ASV_419	0	0	0	0	0	0	0	0	0	0	0	0	7	0	0	0	0	0
ASV_420	0	0	0	0	0	0	0	0	0	0	0	0	0	0	0	7	0	0
ASV_421	0	0	0	0	0	0	0	0	0	0	0	0	0	0	0	7	0	0
ASV_422	0	0	0	0	0	0	0	0	0	0	0	0	0	0	0	7	0	0
ASV_423	0	0	0	0	0	0	0	0	0	0	0	0	0	0	0	7	0	0
ASV_424	0	0	0	0	0	0	0	0	0	0	0	0	0	0	0	7	0	0
ASV_425	0	0	0	0	0	0	0	0	0	0	0	0	0	0	0	7	0	0
ASV_426	0	0	0	0	0	0	0	0	0	0	0	0	0	0	0	7	0	0
ASV_427	0	0	0	0	0	0	0	0	0	0	0	0	0	0	0	7	0	0
ASV_428	0	0	0	0	0	0	0	0	0	0	0	0	0	0	0	0	0	7
ASV_429	0	0	0	0	0	0	0	0	0	0	0	0	0	0	0	0	0	7
ASV_430	0	0	0	0	0	0	0	0	0	0	0	0	0	0	0	0	0	7
ASV_431	0	0	0	0	0	0	0	0	0	0	0	0	0	0	0	0	0	7
ASV_432	0	6	0	0	0	0	0	0	0	0	0	0	0	0	0	0	0	0
ASV_433	0	4	0	0	0	0	0	0	0	0	0	0	0	0	0	0	2	0
ASV_434	0	6	0	0	0	0	0	0	0	0	0	0	0	0	0	0	0	0
ASV_435	0	6	0	0	0	0	0	0	0	0	0	0	0	0	0	0	0	0
ASV_436	0	6	0	0	0	0	0	0	0	0	0	0	0	0	0	0	0	0
ASV_437	0	6	0	0	0	0	0	0	0	0	0	0	0	0	0	0	0	0
ASV_438	0	0	6	0	0	0	0	0	0	0	0	0	0	0	0	0	0	0
ASV_439	0	0	0	0	0	6	0	0	0	0	0	0	0	0	0	0	0	0
ASV_440	0	0	0	0	0	0	0	2	0	0	0	0	0	0	0	0	4	0
ASV_441	0	0	0	0	0	0	0	0	0	0	6	0	0	0	0	0	0	0
ASV_442	0	0	0	0	0	0	0	0	0	0	6	0	0	0	0	0	0	0
ASV_443	0	0	0	0	0	0	0	0	0	0	0	6	0	0	0	0	0	0
ASV_444	0	0	0	0	0	0	0	0	0	0	0	0	6	0	0	0	0	0
ASV_445	0	0	0	0	0	0	0	0	0	0	0	0	6	0	0	0	0	0
ASV_446	0	0	0	0	0	0	0	0	0	0	0	0	6	0	0	0	0	0
ASV_447	0	0	0	0	0	0	0	0	0	0	0	0	0	6	0	0	0	0
ASV_448	0	0	0	0	0	0	0	0	0	0	0	0	0	0	0	6	0	0
ASV_449	0	0	0	0	0	0	0	0	0	0	0	0	0	0	0	6	0	0
ASV_450	0	0	0	0	0	0	0	0	0	0	0	0	0	0	0	6	0	0
ASV_451	0	0	0	0	0	0	0	0	0	0	0	0	0	0	0	6	0	0
ASV_452	0	0	0	0	0	0	0	0	0	0	0	0	0	0	0	0	0	6
ASV_453	0	0	0	0	0	0	0	0	0	0	0	0	0	0	0	0	0	6
ASV_454	0	0	0	0	0	0	0	0	0	0	0	0	0	0	0	0	0	6
ASV_455	0	0	0	0	0	0	0	0	0	0	0	0	0	0	0	0	0	6
ASV_456	0	0	0	0	0	0	0	0	0	0	0	0	0	0	0	0	0	6
ASV_457	0	0	0	0	0	0	0	0	0	0	0	0	0	0	0	0	0	6
ASV_458	0	0	0	0	0	0	0	0	0	0	0	0	0	0	0	0	0	6
ASV_459	0	0	0	0	0	0	0	0	0	0	0	0	0	0	0	0	0	6
ASV_460	0	0	0	0	0	0	0	0	0	0	0	0	0	0	0	0	0	6
ASV_461	5	0	0	0	0	0	0	0	0	0	0	0	0	0	0	0	0	0
ASV_462	5	0	0	0	0	0	0	0	0	0	0	0	0	0	0	0	0	0
ASV_463	0	5	0	0	0	0	0	0	0	0	0	0	0	0	0	0	0	0
ASV_464	0	0	5	0	0	0	0	0	0	0	0	0	0	0	0	0	0	0
ASV_465	0	0	5	0	0	0	0	0	0	0	0	0	0	0	0	0	0	0
ASV_466	0	0	2	0	0	0	0	0	0	0	0	0	3	0	0	0	0	0
ASV_467	0	0	5	0	0	0	0	0	0	0	0	0	0	0	0	0	0	0
ASV_468	0	0	0	5	0	0	0	0	0	0	0	0	0	0	0	0	0	0
ASV_469	0	0	0	0	0	0	0	5	0	0	0	0	0	0	0	0	0	0
ASV_470	0	0	0	0	0	0	0	0	0	0	5	0	0	0	0	0	0	0
ASV_471	0	0	0	0	0	0	0	0	0	0	5	0	0	0	0	0	0	0
ASV_472	0	0	0	0	0	0	0	0	0	0	0	0	5	0	0	0	0	0
ASV_473	0	0	0	0	0	0	0	0	0	0	0	0	5	0	0	0	0	0
ASV_474	0	0	0	0	0	0	0	0	0	0	0	0	5	0	0	0	0	0
ASV_475	0	0	0	0	0	0	0	0	0	0	0	0	5	0	0	0	0	0
ASV_476	0	0	0	0	0	0	0	0	0	0	0	0	5	0	0	0	0	0
ASV_477	0	0	0	0	0	0	0	0	0	0	0	0	5	0	0	0	0	0
ASV_478	0	0	0	0	0	0	0	0	0	0	0	0	0	5	0	0	0	0
ASV_479	0	0	0	0	0	0	0	0	0	0	0	0	0	5	0	0	0	0
ASV_480	0	0	0	0	0	0	0	0	0	0	0	0	0	5	0	0	0	0
ASV_481	0	0	0	0	0	0	0	0	0	0	0	0	0	0	0	5	0	0
ASV_482	0	0	0	0	0	0	0	0	0	0	0	0	0	0	0	5	0	0
ASV_483	0	0	0	0	0	0	0	0	0	0	0	0	0	0	0	5	0	0
ASV_484	0	0	0	0	0	0	0	0	0	0	0	0	0	0	0	5	0	0
ASV_485	0	0	0	0	0	0	0	0	0	0	0	0	0	0	0	5	0	0
ASV_486	0	0	0	0	0	0	0	0	0	0	0	0	0	0	0	0	0	5
ASV_487	0	0	0	0	0	0	0	0	0	0	0	0	0	0	0	0	0	5
ASV_488	0	0	0	0	0	0	0	0	0	0	0	0	0	0	0	0	0	5
ASV_489	0	0	0	0	0	0	0	0	0	0	0	0	0	0	0	0	0	5
ASV_490	0	0	0	0	0	0	0	0	0	0	0	0	0	0	0	0	0	5
ASV_491	0	0	0	0	0	0	0	0	0	0	0	0	0	0	0	0	0	5
ASV_492	0	4	0	0	0	0	0	0	0	0	0	0	0	0	0	0	0	0
ASV_493	0	4	0	0	0	0	0	0	0	0	0	0	0	0	0	0	0	0
ASV_494	0	4	0	0	0	0	0	0	0	0	0	0	0	0	0	0	0	0
ASV_495	0	0	4	0	0	0	0	0	0	0	0	0	0	0	0	0	0	0
ASV_496	0	0	0	4	0	0	0	0	0	0	0	0	0	0	0	0	0	0
ASV_497	0	0	0	0	0	0	4	0	0	0	0	0	0	0	0	0	0	0
ASV_498	0	0	0	0	0	0	0	4	0	0	0	0	0	0	0	0	0	0
ASV_499	0	0	0	0	0	0	0	0	0	0	4	0	0	0	0	0	0	0
ASV_500	0	0	0	0	0	0	0	0	0	0	4	0	0	0	0	0	0	0
ASV_501	0	0	0	0	0	0	0	0	0	0	4	0	0	0	0	0	0	0
ASV_502	0	0	0	0	0	0	0	0	0	0	0	4	0	0	0	0	0	0
ASV_503	0	0	0	0	0	0	0	0	0	0	0	0	4	0	0	0	0	0
ASV_504	0	0	0	0	0	0	0	0	0	0	0	0	4	0	0	0	0	0
ASV_505	0	0	0	0	0	0	0	0	0	0	0	0	4	0	0	0	0	0
ASV_506	0	0	0	0	0	0	0	0	0	0	0	0	4	0	0	0	0	0
ASV_507	0	0	0	0	0	0	0	0	0	0	0	0	4	0	0	0	0	0
ASV_508	0	0	0	0	0	0	0	0	0	0	0	0	0	4	0	0	0	0
ASV_509	0	0	0	0	0	0	0	0	0	0	0	0	0	0	0	4	0	0
ASV_510	0	0	0	0	0	0	0	0	0	0	0	0	0	0	0	4	0	0
ASV_511	0	0	0	0	0	0	0	0	0	0	0	0	0	0	0	4	0	0
ASV_512	0	0	0	0	0	0	0	0	0	0	0	0	0	0	0	4	0	0
ASV_513	0	0	0	0	0	0	0	0	0	0	0	0	0	0	0	4	0	0
ASV_514	0	0	0	0	0	0	0	0	0	0	0	0	0	0	0	0	0	4
ASV_515	0	0	0	0	0	0	0	0	0	0	0	0	0	0	0	0	0	4
ASV_516	0	0	0	0	0	0	0	0	0	0	0	0	0	0	0	0	0	4
ASV_517	0	0	0	0	0	0	0	0	0	0	0	0	0	0	0	0	0	4
ASV_518	0	0	0	0	0	0	0	0	0	0	0	0	0	0	0	0	0	4
ASV_519	0	0	0	0	0	0	0	0	0	0	0	0	0	0	0	0	0	4
ASV_520	0	0	0	0	0	0	0	0	0	0	0	0	0	0	0	0	0	4
ASV_521	0	0	0	0	0	0	0	0	0	0	0	0	0	0	0	0	0	4
ASV_522	0	0	0	0	0	0	0	0	0	0	0	0	0	0	0	0	0	4
ASV_523	0	0	0	0	0	0	0	0	0	0	0	0	0	0	0	0	0	4
ASV_524	0	0	0	0	0	0	0	0	0	0	0	0	0	0	0	0	0	4
ASV_525	0	0	0	0	0	0	0	0	0	0	0	0	0	0	0	0	0	4
ASV_526	0	3	0	0	0	0	0	0	0	0	0	0	0	0	0	0	0	0
ASV_527	0	3	0	0	0	0	0	0	0	0	0	0	0	0	0	0	0	0
ASV_528	0	0	3	0	0	0	0	0	0	0	0	0	0	0	0	0	0	0
ASV_529	0	0	3	0	0	0	0	0	0	0	0	0	0	0	0	0	0	0
ASV_530	0	0	0	0	0	0	0	3	0	0	0	0	0	0	0	0	0	0
ASV_531	0	0	0	0	0	0	0	3	0	0	0	0	0	0	0	0	0	0
ASV_532	0	0	0	0	0	0	0	0	0	3	0	0	0	0	0	0	0	0
ASV_533	0	0	0	0	0	0	0	0	0	0	3	0	0	0	0	0	0	0
ASV_534	0	0	0	0	0	0	0	0	0	0	3	0	0	0	0	0	0	0
ASV_535	0	0	0	0	0	0	0	0	0	0	3	0	0	0	0	0	0	0
ASV_536	0	0	0	0	0	0	0	0	0	0	0	0	3	0	0	0	0	0
ASV_537	0	0	0	0	0	0	0	0	0	0	0	0	3	0	0	0	0	0
ASV_538	0	0	0	0	0	0	0	0	0	0	0	0	3	0	0	0	0	0
ASV_539	0	0	0	0	0	0	0	0	0	0	0	0	3	0	0	0	0	0
ASV_540	0	0	0	0	0	0	0	0	0	0	0	0	0	0	3	0	0	0
ASV_541	0	0	0	0	0	0	0	0	0	0	0	0	0	0	0	3	0	0
ASV_542	0	0	0	0	0	0	0	0	0	0	0	0	0	0	0	3	0	0
ASV_543	0	0	0	0	0	0	0	0	0	0	0	0	0	0	0	3	0	0
ASV_544	0	0	0	0	0	0	0	0	0	0	0	0	0	0	0	3	0	0
ASV_545	0	0	0	0	0	0	0	0	0	0	0	0	0	0	0	3	0	0
ASV_546	0	0	0	0	0	0	0	0	0	0	0	0	0	0	0	0	3	0
ASV_547	0	0	0	0	0	0	0	0	0	0	0	0	0	0	0	0	0	3
ASV_548	0	0	0	0	0	0	0	0	0	0	0	0	0	0	0	0	0	3
ASV_549	0	0	0	0	0	0	0	0	0	0	0	0	0	0	0	0	0	3
ASV_550	0	0	0	0	0	0	0	0	0	0	0	0	0	0	0	0	0	3
ASV_551	0	0	0	0	0	0	0	0	0	0	0	0	0	0	0	0	0	3
ASV_552	0	0	0	0	0	0	0	0	0	0	0	0	0	0	0	0	0	3
ASV_553	0	0	0	0	0	0	0	0	0	0	0	0	0	0	0	0	0	3
ASV_554	0	0	0	0	0	0	0	0	0	0	0	0	0	0	0	0	0	3
ASV_555	0	0	0	0	0	0	0	0	0	0	0	0	0	0	0	0	0	3
ASV_556	0	0	0	0	0	0	0	0	0	0	0	0	0	0	0	0	0	3
ASV_557	0	0	0	0	0	0	0	0	0	0	0	0	0	0	0	0	0	3
ASV_558	0	0	0	0	0	0	0	0	0	0	0	0	0	0	0	0	0	3
ASV_559	2	0	0	0	0	0	0	0	0	0	0	0	0	0	0	0	0	0
ASV_560	0	2	0	0	0	0	0	0	0	0	0	0	0	0	0	0	0	0
ASV_561	0	2	0	0	0	0	0	0	0	0	0	0	0	0	0	0	0	0
ASV_562	0	2	0	0	0	0	0	0	0	0	0	0	0	0	0	0	0	0
ASV_563	0	2	0	0	0	0	0	0	0	0	0	0	0	0	0	0	0	0
ASV_564	0	2	0	0	0	0	0	0	0	0	0	0	0	0	0	0	0	0
ASV_565	0	2	0	0	0	0	0	0	0	0	0	0	0	0	0	0	0	0
ASV_566	0	0	2	0	0	0	0	0	0	0	0	0	0	0	0	0	0	0
ASV_567	0	0	2	0	0	0	0	0	0	0	0	0	0	0	0	0	0	0
ASV_568	0	0	2	0	0	0	0	0	0	0	0	0	0	0	0	0	0	0
ASV_569	0	0	2	0	0	0	0	0	0	0	0	0	0	0	0	0	0	0
ASV_570	0	0	2	0	0	0	0	0	0	0	0	0	0	0	0	0	0	0
ASV_571	0	0	2	0	0	0	0	0	0	0	0	0	0	0	0	0	0	0
ASV_572	0	0	0	0	0	2	0	0	0	0	0	0	0	0	0	0	0	0
ASV_573	0	0	0	0	0	2	0	0	0	0	0	0	0	0	0	0	0	0
ASV_574	0	0	0	0	0	0	0	2	0	0	0	0	0	0	0	0	0	0
ASV_575	0	0	0	0	0	0	0	0	0	2	0	0	0	0	0	0	0	0
ASV_576	0	0	0	0	0	0	0	0	0	2	0	0	0	0	0	0	0	0
ASV_577	0	0	0	0	0	0	0	0	0	0	2	0	0	0	0	0	0	0
ASV_578	0	0	0	0	0	0	0	0	0	0	2	0	0	0	0	0	0	0
ASV_579	0	0	0	0	0	0	0	0	0	0	2	0	0	0	0	0	0	0
ASV_580	0	0	0	0	0	0	0	0	0	0	2	0	0	0	0	0	0	0
ASV_581	0	0	0	0	0	0	0	0	0	0	2	0	0	0	0	0	0	0
ASV_582	0	0	0	0	0	0	0	0	0	0	2	0	0	0	0	0	0	0
ASV_583	0	0	0	0	0	0	0	0	0	0	2	0	0	0	0	0	0	0
ASV_584	0	0	0	0	0	0	0	0	0	0	2	0	0	0	0	0	0	0
ASV_585	0	0	0	0	0	0	0	0	0	0	0	0	2	0	0	0	0	0
ASV_586	0	0	0	0	0	0	0	0	0	0	0	0	2	0	0	0	0	0
ASV_587	0	0	0	0	0	0	0	0	0	0	0	0	2	0	0	0	0	0
ASV_588	0	0	0	0	0	0	0	0	0	0	0	0	0	2	0	0	0	0
ASV_589	0	0	0	0	0	0	0	0	0	0	0	0	0	0	0	2	0	0
ASV_590	0	0	0	0	0	0	0	0	0	0	0	0	0	0	0	2	0	0
ASV_591	0	0	0	0	0	0	0	0	0	0	0	0	0	0	0	2	0	0
ASV_592	0	0	0	0	0	0	0	0	0	0	0	0	0	0	0	2	0	0
ASV_593	0	0	0	0	0	0	0	0	0	0	0	0	0	0	0	0	2	0
ASV_594	0	0	0	0	0	0	0	0	0	0	0	0	0	0	0	0	2	0
ASV_595	0	0	0	0	0	0	0	0	0	0	0	0	0	0	0	0	0	2
ASV_596	0	0	0	0	0	0	0	0	0	0	0	0	0	0	0	0	0	2
ASV_597	0	0	0	0	0	0	0	0	0	0	0	0	0	0	0	0	0	2
ASV_598	0	0	0	0	0	0	0	0	0	0	0	0	0	0	0	0	0	2
ASV_599	0	0	0	0	0	0	0	0	0	0	0	0	0	0	0	0	0	2
ASV_600	0	0	0	0	0	0	0	0	0	0	0	0	0	0	0	0	0	2
ASV_601	0	0	0	0	0	0	0	0	0	0	0	0	0	0	0	0	0	2
ASV_602	0	0	0	0	0	0	0	0	0	0	0	0	0	0	0	0	0	2
ASV_603	0	0	0	0	0	0	0	0	0	0	0	0	0	0	0	0	0	2
ASV_604	0	0	0	0	0	0	0	0	0	0	0	0	0	0	0	0	0	2
ASV_605	0	0	0	0	0	0	0	0	0	0	0	0	0	0	0	0	0	2
ASV_606	0	0	0	0	0	0	0	0	0	0	0	0	0	0	0	0	0	2
ASV_607	0	0	0	0	0	0	0	0	0	0	0	0	0	0	0	0	0	2
