#OTU ID	SRR2533894	SRR2533897	SRR2533904	SRR2533911	SRR2533919	SRR2533933	SRR2533949	SRR2533979	SRR2533985	SRR2534007	SRR2534013	SRR2534024	SRR2534037	SRR2534046	SRR2534057
ASV_1	     0	428899	    74	    81	    10	   160	254211	     0	     0	     0	     0	     0	     0	     0	    81
ASV_2	    11	     0	336248	   379	    76	   823	   261	    11	     0	  2338	    52	     0	     0	 16958	   183
ASV_3	    10	   112	   107	 73133	    22	    54	156819	   217	     0	     0	  6341	     0	    11	     0	 22004
ASV_4	     0	    74	   192	201160	    15	 23188	   208	    34	     0	     0	   101	     0	 31297	  1457	    37
ASV_5	    13	     0	     0	     3	180649	  4038	   282	     0	     0	     0	     0	     0	     0	     0	     0
ASV_6	     0	    24	     0	     0	 42266	142398	   263	     0	     0	     0	     0	     0	     0	     0	     0
ASV_7	     4	     7	    11	     0	114157	  4882	  2354	     0	 20849	   928	     0	  9125	  1250	  2570	     0
ASV_8	149863	     0	   773	     6	   548	  2517	    12	     0	    18	   691	     0	     0	     0	     0	     0
ASV_9	147091	     0	  1514	     2	    40	     0	     0	     0	    24	  1532	     0	     0	     0	     0	     0
ASV_10	     9	     0	     0	121219	     0	     0	   163	     0	     0	     0	     0	     0	     0	     0	     0
ASV_11	    0	72889	    0	    0	    0	    0	    0	    0	    0	    0	    0	    0	    0	    0	    0
ASV_12	50095	    0	    0	    0	    0	    0	    0	    0	    0	    0	    0	    0	    0	    0	    0
ASV_13	    0	17182	    0	    0	    0	   14	    0	   43	    0	    0	23627	   31	    0	    0	    0
ASV_14	    0	    0	    0	    0	26260	    4	    0	    0	    0	    0	    0	    0	    0	    0	    0
ASV_15	    0	    0	    0	    0	26235	    0	    0	    0	    0	    0	    0	    0	    0	    0	    0
ASV_16	24914	    0	  384	    0	    0	    0	    0	    0	    0	  389	    0	    0	    0	    0	    0
ASV_17	    0	    0	    0	    0	24859	    0	    0	    0	    0	    0	    0	    0	    0	    0	    0
ASV_18	23617	    0	  175	    0	   44	    0	    0	    0	    0	    0	    0	    0	    0	    0	    0
ASV_19	    0	    0	    0	    0	20305	    0	    0	    0	    0	    0	    0	    0	    0	    0	    0
ASV_20	    0	    0	    0	    0	19779	    0	    0	    0	    0	    0	    0	    0	    0	    0	    0
ASV_21	18748	    0	    0	    0	   37	    0	    0	    0	    0	    0	    0	    0	    0	    0	    0
ASV_22	15052	    0	    0	    0	    0	    0	    0	    0	    0	    0	    0	    0	    0	    0	    0
ASV_23	    0	    0	    0	    0	12075	    0	 1972	    0	    0	  286	    0	    0	    0	    0	    0
ASV_24	   0	   0	   0	   0	   0	   0	1197	   0	   0	 707	   0	7483	   0	4256	   0
ASV_25	  24	   6	   0	   0	   9	8990	   0	   0	   0	 165	   0	   0	   0	   0	   0
ASV_26	   0	   0	   0	   0	8099	  47	 218	   0	  37	   0	   0	 260	  82	 104	   0
ASV_27	8434	   0	   0	   0	   0	   0	   0	   0	   0	   0	   0	   0	   0	   0	   0
ASV_28	   0	   0	   0	   0	8307	   0	   0	   0	   0	   0	   0	   0	   0	   0	   0
ASV_29	   0	   0	   0	   0	7781	   0	 398	   0	   0	   0	   0	  70	   0	   0	   0
ASV_30	   0	   0	   0	   0	8147	   0	   0	   0	   0	   0	   0	   0	   0	   0	   0
ASV_31	   0	   0	   0	   0	   0	   0	   0	   0	   0	   0	   0	   0	   0	   0	8142
ASV_32	   0	   0	  63	   0	   0	   0	   6	7895	   0	   0	   0	   0	   0	   0	   0
ASV_33	   0	   0	   0	   0	4154	1962	 203	   0	 275	   0	   0	 476	  60	 233	 134
ASV_34	   0	   0	6923	   0	   0	   0	   0	   0	   0	   0	   0	   0	   0	   0	   0
ASV_35	6789	   0	 113	   0	   0	   0	   0	   0	   0	   0	   0	   0	   0	   0	   0
ASV_36	   0	   0	   0	   0	2580	 622	 101	   0	 141	   0	   0	  70	1718	1053	   0
ASV_37	   0	   0	 552	   0	   0	   0	   0	5686	   0	   0	   0	   0	   0	   0	   0
ASV_38	   0	   0	   0	   0	5940	   0	   0	   0	   0	   0	   0	   0	   0	   0	   0
ASV_39	   0	   0	   0	   0	   0	   0	   0	   0	5392	   0	   0	   0	   0	   0	   0
ASV_40	   0	   0	   0	   0	   0	   0	5355	   0	   0	   0	   0	   0	   0	   0	   0
ASV_41	   0	   0	   0	   0	   0	5339	   0	   0	   0	   0	   0	   0	   0	   0	   0
ASV_42	   0	   0	   0	   0	   0	5200	   0	   0	   0	   0	   0	   0	   0	   0	   0
ASV_43	   0	   0	   0	1467	   0	   0	3413	   0	   0	   0	   0	   0	   0	   0	   0
ASV_44	   0	   0	   0	  11	   0	  18	1463	   0	 815	   0	   0	  20	   0	  56	2235
ASV_45	   0	   0	   0	   0	4487	   0	   0	   0	   0	   0	   0	   0	   0	   0	   0
ASV_46	   0	   0	   0	   0	   0	   0	   0	   0	   0	   0	   0	   0	   0	4486	   0
ASV_47	   0	   0	   0	   0	1542	1877	   0	   0	  50	   0	   0	 616	  33	 362	   0
ASV_48	   0	   2	  14	   0	   0	  26	   0	   0	   0	   0	   0	   0	   0	   0	4292
ASV_49	   0	   0	   0	   0	4272	   0	   0	   0	   0	   0	   0	   0	   0	   0	   0
ASV_50	   0	   0	   0	   0	3941	   0	   0	   0	  77	   0	   0	   0	   0	   0	   0
ASV_51	   0	   0	   0	   0	1370	2418	 219	   0	   0	   0	   0	   0	   0	   0	   0
ASV_52	   0	   0	   0	3929	   0	   0	   0	   0	   0	   0	   0	   0	   0	   0	   0
ASV_53	3446	   0	 134	   0	   0	   8	   0	   0	  23	 283	   0	   0	   0	   0	   0
ASV_54	   0	   0	   0	   0	   0	   0	   0	   0	   0	   0	   0	   0	   0	   0	3847
ASV_55	   0	   0	   0	   0	   0	   0	   0	   0	   0	   0	   0	   0	   0	   0	3808
ASV_56	3600	   0	 108	   0	  10	   0	   0	   0	   0	   0	   0	   0	   0	   0	   0
ASV_57	   0	   0	  53	  15	   0	   5	   0	3609	   0	   0	   0	   0	   0	   0	   0
ASV_58	   0	   0	   0	   0	   0	3576	   0	   0	   0	   0	   0	   0	   0	   0	   0
ASV_59	   0	   0	   0	   0	3524	   0	   0	   0	   0	   0	   0	   0	   0	   0	   0
ASV_60	   5	   0	   0	   0	 390	2925	   0	   0	   0	   0	   0	   0	   0	   0	   0
ASV_61	   0	   0	   0	   0	3257	   0	   0	   0	   0	   0	   0	   0	   0	   0	   0
ASV_62	   0	   0	   0	   0	   0	3247	   0	   0	   0	   0	   0	   0	   0	   0	   0
ASV_63	   0	   0	   0	   0	3205	   0	   0	   0	   0	   0	   0	   0	   0	   0	   0
ASV_64	   0	   0	   0	   0	   0	   0	   0	   0	  78	   0	   0	   0	1185	1906	   0
ASV_65	   0	   0	   0	   0	   0	 154	   0	2554	   0	 391	   0	   0	   0	   0	   0
ASV_66	3068	   0	   0	   0	   0	   0	   0	   0	  18	   0	   0	   0	   0	   0	   0
ASV_67	   0	   0	   0	   0	2394	   0	 265	   0	 136	   0	   0	 205	   0	   8	   0
ASV_68	   0	   0	   8	   0	1710	  17	  54	   0	   0	   0	   0	 880	   0	 319	   0
ASV_69	   0	   0	   0	   0	1058	1788	   0	   0	   0	   0	   0	   0	   0	   0	   0
ASV_70	   0	   0	   0	   0	2758	   0	   0	   0	   0	   0	   0	   0	   0	   0	   0
ASV_71	   0	   0	 486	   0	 483	1680	   0	   0	   0	   0	   0	   0	   0	   0	   0
ASV_72	   0	   0	   0	   0	   0	2604	   0	   0	   0	   0	   0	   0	   0	   0	   0
ASV_73	2554	   0	   0	   0	   0	   0	   0	   0	   0	   0	   0	   0	   0	   0	   0
ASV_74	   0	   0	   0	   0	   0	2549	   0	   0	   0	   0	   0	   0	   0	   0	   0
ASV_75	2536	   0	   0	   0	   0	   0	   0	   0	   0	   0	   0	   0	   0	   0	   0
ASV_76	2510	   0	   0	   0	   0	   0	   0	   0	   0	   0	   0	   0	   0	   0	   0
ASV_77	   0	   0	   0	   0	   0	2474	   0	   0	   0	   0	   0	   0	   0	   0	   0
ASV_78	 320	2008	   0	   0	   0	   0	   0	  40	   0	  95	   0	   0	   0	   0	   0
ASV_79	   0	   0	   0	   0	1333	 298	  59	   0	  78	   0	   0	 581	  21	   0	   0
ASV_80	   0	   0	   0	   0	2345	   0	   0	   0	   0	   0	   0	   0	   0	   0	   0
ASV_81	   0	   0	   0	   0	 299	1539	   0	   0	   0	 506	   0	   0	   0	   0	   0
ASV_82	   0	   0	   0	   0	2266	   0	   0	   0	   0	   0	   0	   0	   0	   0	   0
ASV_83	   0	   0	   0	   0	   0	2226	   0	   0	   0	   0	   0	   0	   0	   0	   0
ASV_84	   0	   0	   0	   0	2209	   0	   0	   0	   0	   0	   0	   0	   0	   0	   0
ASV_85	2171	   0	  24	   0	   0	   0	   0	   0	   0	   0	   0	   0	   0	   0	   0
ASV_86	   0	   0	   0	   0	 562	1504	   0	   0	   0	   0	   0	   0	   0	   0	   0
ASV_87	   0	   0	   0	   0	   0	2011	   0	   0	   0	   0	   0	   0	   0	   0	   0
ASV_88	   0	   0	   0	   0	   0	1966	   0	   0	   0	   0	   0	   0	   0	   0	   0
ASV_89	112	228	 22	 90	  9	697	 39	  0	  0	735	  0	  7	  0	  0	  0
ASV_90	   0	   0	   0	   0	1132	 218	  20	   0	   6	   0	   0	 258	 255	   0	   0
ASV_91	   0	   0	   0	   0	   0	1867	   0	   0	   0	   0	   0	   0	   0	   0	   0
ASV_92	   4	   0	   0	   0	   0	1769	   0	   0	   0	   0	   0	   0	   0	   0	   0
ASV_93	1756	   0	   0	   0	   0	   0	   0	   0	   0	   0	   0	   0	   0	   0	   0
ASV_94	   0	   0	   0	   0	   0	1385	   0	   0	   0	   0	   0	   0	 336	   6	   0
ASV_95	   0	   0	   0	   0	1582	   0	  95	   0	   0	   0	   0	   0	   0	   0	   0
ASV_96	   0	   0	   0	   0	   0	   0	   0	   0	   0	   0	   0	   0	1677	   0	   0
ASV_97	   0	   0	   0	   0	   0	1657	   0	   0	   0	   0	   0	   0	   0	   0	   0
ASV_98	  0	  0	  0	  0	804	  0	542	  0	242	  0	  0	 47	  0	  0	  0
ASV_99	   0	   0	   0	   0	   0	1617	   0	   0	   0	   0	   0	   0	   0	   0	   0
ASV_100	   0	   0	   0	   0	1464	   0	   0	   0	   0	   0	   0	 145	   0	   0	   0
ASV_101	   0	   0	   0	   0	   0	1608	   0	   0	   0	   0	   0	   0	   0	   0	   0
ASV_102	   0	   0	   0	   0	1587	   0	   0	   0	   0	   0	   0	   0	   0	   0	   0
ASV_103	   0	   0	   0	   0	1535	   0	   0	   0	  17	   0	   0	   5	   0	   0	   0
ASV_104	   0	   0	   0	   0	   0	   0	   0	   0	   0	   0	   0	   0	   0	1533	   0
ASV_105	   0	   0	   0	   0	   0	1526	   0	   0	   0	   0	   0	   0	   0	   0	   0
ASV_106	   0	   0	   0	   0	   0	1525	   0	   0	   0	   0	   0	   0	   0	   0	   0
ASV_107	   0	   0	   0	   0	   0	1522	   0	   0	   0	   0	   0	   0	   0	   0	   0
ASV_108	  0	  2	 11	  0	241	  0	360	  0	 88	  0	  0	484	 63	166	 99
ASV_109	1504	   0	   0	   0	   0	   0	   0	   0	   0	   0	   0	   0	   0	   0	   0
ASV_110	1362	   0	  78	   0	  21	   0	   0	   0	   0	   0	   0	   8	   0	   0	   0
ASV_111	   0	   0	   0	   0	1462	   0	   0	   0	   0	   0	   0	   0	   0	   0	   0
ASV_112	1063	   0	   0	   0	   0	   0	   0	   0	   3	 375	   0	   0	   0	   0	   0
ASV_113	1433	   0	   0	   0	   0	   0	   0	   0	   0	   0	   0	   0	   0	   0	   0
ASV_114	   0	   0	   0	   0	   0	1433	   0	   0	   0	   0	   0	   0	   0	   0	   0
ASV_115	   0	   0	   0	   0	 184	   0	 201	   0	1038	   0	   0	   0	   0	   0	   0
ASV_116	   0	   0	   0	   0	   0	1412	   0	   0	   0	   0	   0	   0	   0	   0	   0
ASV_117	1403	   0	   0	   0	   0	   0	   0	   0	   0	   0	   0	   0	   0	   0	   0
ASV_118	   0	   0	   0	   0	   0	1061	   0	   0	   0	 314	   0	   0	   0	   0	   0
ASV_119	   0	   0	   0	   0	1282	   0	   0	   0	   0	   0	   0	   0	   0	  58	   0
ASV_120	   0	   0	   0	   0	   0	1337	   0	   0	   0	   0	   0	   0	   0	   0	   0
ASV_121	682	  0	482	  0	  0	  0	  0	  0	  0	134	  0	  0	  0	  0	  0
ASV_122	   0	   0	   0	   0	   0	   0	   0	   0	   0	   0	   0	   0	   0	   0	1295
ASV_123	   0	   0	   0	   0	   0	1283	   0	   0	   0	   0	   0	   0	   0	   0	   0
ASV_124	  0	  0	  0	  0	484	798	  0	  0	  0	  0	  0	  0	  0	  0	  0
ASV_125	  0	  0	  0	  0	  0	  0	352	764	  0	  0	  0	  0	  0	105	 36
ASV_126	1218	   0	   0	   0	   0	   8	   0	   0	   0	   0	   0	   0	   0	   0	   0
ASV_127	   0	   0	   0	1225	   0	   0	   0	   0	   0	   0	   0	   0	   0	   0	   0
ASV_128	   0	   0	   0	   0	   0	1198	   0	   0	   0	   0	   0	   0	   0	   0	   0
ASV_129	   0	   0	   0	   0	   0	1197	   0	   0	   0	   0	   0	   0	   0	   0	   0
ASV_130	  0	  0	  0	404	  0	  0	791	  0	  0	  0	  0	  0	  0	  0	  0
ASV_131	   0	   0	   0	   0	   0	   0	   0	   0	   0	   0	1184	   0	   0	   0	   0
ASV_132	   0	   0	   0	   0	1148	   0	   0	   0	   0	   0	   0	   0	   0	   0	   0
ASV_133	   0	   0	   0	   0	1124	   0	   0	   0	   0	   0	   0	   0	   0	   0	   0
ASV_134	923	  0	132	  0	 25	 37	  0	  0	  0	  0	  0	  0	  0	  0	  0
ASV_135	   0	   0	   0	   0	1115	   0	   0	   0	   0	   0	   0	   0	   0	   0	   0
ASV_136	1107	   0	   0	   0	   0	   0	   0	   0	   0	   0	   0	   0	   0	   0	   0
ASV_137	   0	   0	   0	   0	1077	   0	  22	   0	   0	   0	   0	   0	   8	   0	   0
ASV_138	   0	   0	   0	   0	   0	1086	   0	   0	   0	   0	   0	   0	   0	   0	   0
ASV_139	   0	   0	   0	   0	1066	   0	   0	   0	   0	   0	   0	   0	   0	   0	   0
ASV_140	  0	  0	  0	  0	546	519	  0	  0	  0	  0	  0	  0	  0	  0	  0
ASV_141	  0	603	  0	  0	  0	  0	455	  0	  0	  0	  0	  0	  0	  0	  0
ASV_142	1055	   0	   0	   0	   0	   0	   0	   0	   0	   0	   0	   0	   0	   0	   0
ASV_143	1014	   0	  32	   0	   0	   0	   0	   0	   0	   0	   0	   0	   0	   0	   0
ASV_144	705	  0	102	  0	  0	226	  0	  0	  0	  0	  0	  0	  0	  0	  0
ASV_145	   0	   0	   0	   0	1020	   0	   0	   0	   0	   0	   0	   0	   0	   0	   0
ASV_146	  0	  0	680	  0	 58	276	  0	  0	  0	  0	  0	  0	  0	  0	  0
ASV_147	   0	   0	   0	1005	   0	   0	   0	   0	   0	   0	   0	   0	   0	   0	   0
ASV_148	   0	   0	   0	   0	   0	1001	   0	   0	   0	   0	   0	   0	   0	   0	   0
ASV_149	  0	  0	  0	  0	  0	997	  0	  0	  0	  0	  0	  0	  0	  0	  0
ASV_150	  0	  0	  0	323	  0	  0	673	  0	  0	  0	  0	  0	  0	  0	  0
ASV_151	  0	  0	566	  0	  0	  0	  0	  0	  0	429	  0	  0	  0	  0	  0
ASV_152	  0	  0	  0	  0	  0	995	  0	  0	  0	  0	  0	  0	  0	  0	  0
ASV_153	  0	994	  0	  0	  0	  0	  0	  0	  0	  0	  0	  0	  0	  0	  0
ASV_154	942	  0	  0	  0	  0	  0	  0	  0	  0	  0	  0	  0	  0	  0	  0
ASV_155	  0	  0	  0	  0	929	  0	  0	  0	  0	  0	  0	  0	  0	  0	  0
ASV_156	  0	  0	  0	  0	  0	918	  0	  0	  0	  0	  0	  0	  0	  0	  0
ASV_157	  0	  0	  0	  0	910	  0	  0	  0	  0	  0	  0	  0	  0	  0	  0
ASV_158	  0	  0	  0	  0	  0	906	  0	  0	  0	  0	  0	  0	  0	  0	  0
ASV_159	  0	  0	  0	  0	  0	904	  0	  0	  0	  0	  0	  0	  0	  0	  0
ASV_160	903	  0	  0	  0	  0	  0	  0	  0	  0	  0	  0	  0	  0	  0	  0
ASV_161	  0	  0	  0	  0	  0	897	  0	  0	  0	  0	  0	  0	  0	  0	  0
ASV_162	  0	  0	  0	  0	  0	893	  0	  0	  0	  0	  0	  0	  0	  0	  0
ASV_163	883	  0	  0	  0	  0	  0	  0	  0	  0	  0	  0	  0	  0	  0	  0
ASV_164	  0	  0	  0	  0	883	  0	  0	  0	  0	  0	  0	  0	  0	  0	  0
ASV_165	  0	  0	  0	  0	  0	  0	  0	870	  0	  0	  0	  0	  5	  0	  0
ASV_166	  0	  0	  0	  0	  0	605	153	  0	 13	  0	 27	 11	 11	  0	 51
ASV_167	  0	858	  0	  0	  0	  0	  0	  0	  0	  0	  0	  0	  0	  0	  0
ASV_168	  0	  0	  0	  0	853	  0	  0	  0	  0	  0	  0	  0	  0	  0	  0
ASV_169	  0	  0	  0	  0	  0	850	  0	  0	  0	  0	  0	  0	  0	  0	  0
ASV_170	  0	  0	  0	  0	  0	  0	  0	  0	  0	835	  0	  0	  0	  0	  0
ASV_171	  0	  0	  0	  0	  0	833	  0	  0	  0	  0	  0	  0	  0	  0	  0
ASV_172	636	  0	130	  0	 31	 23	  0	  0	  0	  0	  0	  0	  0	  0	  0
ASV_173	224	  0	  0	  0	585	  0	  0	  0	  0	  0	  0	  0	  0	  0	  0
ASV_174	  0	  0	  0	  0	808	  0	  0	  0	  0	  0	  0	  0	  0	  0	  0
ASV_175	  0	  0	  0	  0	  0	  0	  0	  0	791	  0	  0	  0	  0	  0	  0
ASV_176	767	  0	  0	  0	  0	  0	  0	  0	  0	  0	  0	  0	  0	  0	  0
ASV_177	  0	  0	  0	  0	761	  0	  0	  0	  0	  0	  0	  0	  0	  0	  0
ASV_178	  0	  0	  0	  0	  0	741	  0	  0	  0	  0	  0	  0	  0	  0	  0
ASV_179	  0	  4	  0	  0	 74	 20	  0	316	  0	324	  0	  0	  0	  0	  0
ASV_180	734	  0	  0	  0	  0	  0	  0	  0	  0	  0	  0	  0	  0	  0	  0
ASV_181	  0	  0	  0	  0	  0	731	  0	  0	  0	  0	  0	  0	  0	  0	  0
ASV_182	  0	  0	  0	714	  0	  0	  0	  0	  0	  0	  0	  0	  0	  0	  0
ASV_183	525	  0	186	  0	  0	  0	  0	  0	  0	  0	  0	  0	  0	  0	  0
ASV_184	  0	  0	  0	  0	  0	708	  0	  0	  0	  0	  0	  0	  0	  0	  0
ASV_185	  0	  0	  0	  0	  0	707	  0	  0	  0	  0	  0	  0	  0	  0	  0
ASV_186	  0	  0	704	  0	  0	  0	  0	  0	  0	  0	  0	  0	  0	  0	  0
ASV_187	  0	  0	  0	  0	  0	701	  0	  0	  0	  0	  0	  0	  0	  0	  0
ASV_188	  0	  0	  0	  0	  0	  0	 62	  0	  0	  0	  0	 41	  0	241	357
ASV_189	  0	  0	  0	  0	  0	685	  0	  0	  0	  0	  0	  0	  0	  0	  0
ASV_190	  0	  0	  0	  0	  0	680	  0	  0	  0	  0	  0	  0	  0	  0	  0
ASV_191	672	  0	  0	  0	  0	  0	  0	  0	  0	  0	  0	  0	  0	  0	  0
ASV_192	  0	  0	  0	  0	664	  0	  0	  0	  0	  0	  0	  0	  0	  0	  0
ASV_193	  0	663	  0	  0	  0	  0	  0	  0	  0	  0	  0	  0	  0	  0	  0
ASV_194	  0	  0	  0	  0	662	  0	  0	  0	  0	  0	  0	  0	  0	  0	  0
ASV_195	  0	  0	  0	  0	551	  0	  0	  0	 40	  0	  5	 26	  0	 16	  4
ASV_196	558	  0	 78	  0	  0	  0	  0	  0	  0	  0	  0	  0	  0	  0	  0
ASV_197	  0	  0	  0	  0	  0	  0	  0	  0	  0	633	  0	  0	  0	  0	  0
ASV_198	  0	  0	  0	  0	364	  0	  0	  0	  0	268	  0	  0	  0	  0	  0
ASV_199	  0	  0	  0	  0	  0	631	  0	  0	  0	  0	  0	  0	  0	  0	  0
ASV_200	  0	  0	  0	  0	  0	622	  0	  0	  0	  0	  0	  0	  0	  0	  0
ASV_201	  0	619	  0	  0	  0	  0	  0	  0	  0	  0	  0	  0	  0	  0	  0
ASV_202	609	  0	  0	  0	  0	  0	  0	  0	  0	  0	  0	  0	  0	  0	  0
ASV_203	  0	  0	  0	  0	588	  0	 16	  0	  0	  0	  0	  0	  0	  0	  0
ASV_204	  0	  0	  0	  0	  0	604	  0	  0	  0	  0	  0	  0	  0	  0	  0
ASV_205	449	  0	114	  0	  0	 38	  0	  0	  0	  0	  0	  0	  0	  0	  0
ASV_206	  0	598	  0	  0	  0	  0	  0	  0	  0	  0	  0	  0	  0	  0	  0
ASV_207	597	  0	  0	  0	  0	  0	  0	  0	  0	  0	  0	  0	  0	  0	  0
ASV_208	562	  0	 34	  0	  0	  0	  0	  0	  0	  0	  0	  0	  0	  0	  0
ASV_209	  0	  0	  0	  0	381	  0	 14	  0	 86	  0	 61	  0	 15	 34	  0
ASV_210	  0	  0	585	  0	  0	  0	  0	  0	  0	  0	  0	  0	  0	  0	  0
ASV_211	  0	  0	  0	  0	  0	574	  0	  0	  0	  0	  0	  0	  0	  0	  0
ASV_212	  0	  0	564	  0	  0	  0	  0	  0	  0	  0	  0	  0	  0	  0	  0
ASV_213	  0	  0	  0	  0	  0	138	  0	  0	  0	426	  0	  0	  0	  0	  0
ASV_214	  0	  0	  0	  0	561	  0	  0	  0	  0	  0	  0	  0	  0	  0	  0
ASV_215	552	  0	  0	  0	  0	  0	  0	  0	  0	  0	  0	  0	  0	  0	  0
ASV_216	  0	  0	  0	  0	285	267	  0	  0	  0	  0	  0	  0	  0	  0	  0
ASV_217	  0	  0	  0	  0	  0	  0	  0	543	  0	  0	  0	  0	  0	  0	  0
ASV_218	  0	  0	  0	541	  0	  0	  0	  0	  0	  0	  0	  0	  0	  0	  0
ASV_219	  0	168	  0	  0	  0	  0	  0	  0	  0	372	  0	  0	  0	  0	  0
ASV_220	  0	  0	  6	  0	529	  0	  0	  0	  0	  0	  0	  0	  0	  0	  0
ASV_221	  0	  0	  0	  0	  0	  0	528	  0	  0	  0	  0	  0	  0	  0	  0
ASV_222	  0	  0	  0	  0	523	  0	  0	  0	  0	  0	  0	  0	  0	  0	  0
ASV_223	  0	  0	  0	  0	 44	  0	 13	  0	  0	  0	  0	 92	  0	  0	374
ASV_224	  0	  0	  0	  0	519	  0	  0	  0	  0	  0	  0	  0	  0	  0	  0
ASV_225	  0	  0	232	  0	286	  0	  0	  0	  0	  0	  0	  0	  0	  0	  0
ASV_226	  0	  0	  0	  0	  0	500	  0	  0	  0	  0	  0	  0	  0	  0	  0
ASV_227	  0	  0	  0	  0	  0	  0	495	  0	  0	  0	  0	  0	  0	  0	  0
ASV_228	  0	  0	  0	  0	  0	486	  0	  0	  0	  0	  0	  0	  0	  0	  0
ASV_229	  0	  0	  0	  0	  0	  0	  0	  0	  0	485	  0	  0	  0	  0	  0
ASV_230	  0	  0	  0	  0	  0	483	  0	  0	  0	  0	  0	  0	  0	  0	  0
ASV_231	  0	  0	  0	  0	305	  0	  0	  0	 24	  0	  0	 45	  0	  0	103
ASV_232	473	  0	  0	  0	  0	  0	  0	  0	  0	  0	  0	  0	  0	  0	  0
ASV_233	  0	  0	  0	  0	453	  0	  0	  0	  6	  0	  0	  0	  0	  0	  0
ASV_234	  0	  0	  0	  0	  0	  0	  0	  0	  0	459	  0	  0	  0	  0	  0
ASV_235	  0	  0	  0	  0	  0	458	  0	  0	  0	  0	  0	  0	  0	  0	  0
ASV_236	  0	  0	  0	  0	  0	450	  0	  0	  0	  0	  0	  0	  0	  0	  0
ASV_237	  0	  0	  0	  0	  0	  0	  0	  0	  0	435	  0	  0	  0	  0	  0
ASV_238	  0	  0	  0	  0	  0	  0	  0	426	  0	  0	  0	  0	  0	  0	  0
ASV_239	  0	  0	  0	  0	425	  0	  0	  0	  0	  0	  0	  0	  0	  0	  0
ASV_240	  0	  0	  0	  0	  0	419	  0	  0	  0	  0	  0	  0	  0	  0	  0
ASV_241	  0	  0	  0	  0	  0	  0	265	  0	  0	  0	  0	  0	  0	  0	150
ASV_242	  0	  0	  0	  0	  0	413	  0	  0	  0	  0	  0	  0	  0	  0	  0
ASV_243	  0	  0	  0	  0	  0	  0	  0	  0	  0	411	  0	  0	  0	  0	  0
ASV_244	  0	  0	  0	  0	409	  0	  0	  0	  0	  0	  0	  0	  0	  0	  0
ASV_245	  0	  0	  0	  0	  0	  0	  0	  0	  0	408	  0	  0	  0	  0	  0
ASV_246	  0	  0	407	  0	  0	  0	  0	  0	  0	  0	  0	  0	  0	  0	  0
ASV_247	  0	  0	  0	  0	  0	  0	  0	  0	 11	  0	  0	227	  0	  0	165
ASV_248	  0	  0	  0	  0	 63	  0	  0	  0	229	  0	  0	  0	 18	 81	  0
ASV_249	  0	  0	  0	  0	304	 10	 43	  0	  6	  0	  0	 11	  6	  0	  0
ASV_250	374	  0	  0	  0	  0	  0	  0	  0	  5	  0	  0	  0	  0	  0	  0
ASV_251	376	  0	  0	  0	  0	  0	  0	  0	  0	  0	  0	  0	  0	  0	  0
ASV_252	  0	  0	  0	  0	  0	202	  0	  0	  0	  0	  0	  0	  0	  6	167
ASV_253	  0	  0	  0	  0	368	  0	  0	  0	  0	  0	  0	  0	  0	  0	  0
ASV_254	  0	  0	  0	  0	 44	  0	  0	  0	  0	  0	  0	 16	190	  0	116
ASV_255	  0	  0	  0	  0	363	  0	  0	  0	  0	  0	  0	  0	  0	  0	  0
ASV_256	  0	362	  0	  0	  0	  0	  0	  0	  0	  0	  0	  0	  0	  0	  0
ASV_257	  0	  0	  0	  0	  2	  0	 11	  0	  0	349	  0	  0	  0	  0	  0
ASV_258	  0	  0	  0	  0	  0	  0	358	  0	  0	  0	  0	  0	  0	  0	  0
ASV_259	  0	354	  0	  0	  0	  0	  0	  0	  0	  0	  0	  0	  0	  0	  0
ASV_260	353	  0	  0	  0	  0	  0	  0	  0	  0	  0	  0	  0	  0	  0	  0
ASV_261	  0	  0	  0	  0	352	  0	  0	  0	  0	  0	  0	  0	  0	  0	  0
ASV_262	  0	  0	  0	  0	  0	  0	350	  0	  0	  0	  0	  0	  0	  0	  0
ASV_263	  0	  0	291	  0	  0	 56	  0	  0	  0	  0	  0	  0	  0	  0	  0
ASV_264	  0	  0	  0	  0	  0	  0	217	125	  0	  0	  0	  0	  0	  0	  0
ASV_265	341	  0	  0	  0	  0	  0	  0	  0	  0	  0	  0	  0	  0	  0	  0
ASV_266	  0	  0	  0	  0	  0	340	  0	  0	  0	  0	  0	  0	  0	  0	  0
ASV_267	  0	  0	  0	  0	338	  0	  0	  0	  0	  0	  0	  0	  0	  0	  0
ASV_268	330	  0	  0	  0	  0	  0	  0	  0	  0	  0	  0	  0	  0	  0	  0
ASV_269	  0	  0	  0	  0	  0	  0	  0	  0	  0	220	  0	108	  0	  0	  0
ASV_270	  0	  0	  0	  0	324	  0	  0	  0	  0	  0	  0	  0	  0	  0	  0
ASV_271	  0	  0	  0	  0	  0	321	  0	  0	  0	  0	  0	  0	  0	  0	  0
ASV_272	272	  0	 47	  0	  0	  0	  0	  0	  0	  0	  0	  0	  0	  0	  0
ASV_273	  0	  0	  0	  0	317	  0	  0	  0	  0	  0	  0	  0	  0	  0	  0
ASV_274	  0	  0	  0	  0	315	  0	  0	  0	  0	  0	  0	  0	  0	  0	  0
ASV_275	  0	  0	  0	  0	  0	  0	  0	  0	  0	314	  0	  0	  0	  0	  0
ASV_276	313	  0	  0	  0	  0	  0	  0	  0	  0	  0	  0	  0	  0	  0	  0
ASV_277	  0	  0	  0	  0	  0	  0	  0	  0	  0	310	  0	  0	  0	  0	  0
ASV_278	300	  0	  0	  0	  0	  0	  0	  0	  0	  0	  0	  0	  0	  0	  0
ASV_279	  0	  0	  0	  0	  0	  0	  0	  0	  0	299	  0	  0	  0	  0	  0
ASV_280	298	  0	  0	  0	  0	  0	  0	  0	  0	  0	  0	  0	  0	  0	  0
ASV_281	  0	  0	  0	  0	298	  0	  0	  0	  0	  0	  0	  0	  0	  0	  0
ASV_282	  0	  0	  0	  0	  0	  0	 11	  0	  0	279	  0	  0	  0	  0	  0
ASV_283	289	  0	  0	  0	  0	  0	  0	  0	  0	  0	  0	  0	  0	  0	  0
ASV_284	289	  0	  0	  0	  0	  0	  0	  0	  0	  0	  0	  0	  0	  0	  0
ASV_285	  0	  0	  0	  0	139	  0	140	  0	  0	  0	  0	  0	  0	  8	  0
ASV_286	  0	  0	  0	  0	  0	283	  0	  0	  0	  0	  0	  0	  0	  0	  0
ASV_287	  0	  0	275	  0	  0	  0	  0	  0	  0	  0	  0	  0	  0	  0	  0
ASV_288	  0	  0	  0	  0	  0	  0	275	  0	  0	  0	  0	  0	  0	  0	  0
ASV_289	  0	  0	  0	  0	  0	  0	  0	  0	  0	271	  0	  0	  0	  0	  0
ASV_290	  0	  0	  0	  0	  0	  0	  0	  0	  0	  0	  0	269	  0	  0	  0
ASV_291	267	  0	  0	  0	  0	  0	  0	  0	  0	  0	  0	  0	  0	  0	  0
ASV_292	  0	  0	  0	  0	266	  0	  0	  0	  0	  0	  0	  0	  0	  0	  0
ASV_293	198	  0	 67	  0	  0	  0	  0	  0	  0	  0	  0	  0	  0	  0	  0
ASV_294	  0	  0	  0	  0	  0	265	  0	  0	  0	  0	  0	  0	  0	  0	  0
ASV_295	  0	262	  0	  0	  0	  0	  0	  0	  0	  0	  0	  0	  0	  0	  0
ASV_296	  0	  0	  0	  0	  0	  0	 22	  0	239	  0	  0	  0	  0	  0	  0
ASV_297	  0	  0	  0	  0	259	  0	  0	  0	  0	  0	  0	  0	  0	  0	  0
ASV_298	  0	  0	196	  0	 62	  0	  0	  0	  0	  0	  0	  0	  0	  0	  0
ASV_299	  0	  0	  0	  0	249	  0	  0	  0	  0	  0	  0	  0	  0	  0	  0
ASV_300	  0	  0	  0	  0	  0	  0	  0	  0	  0	248	  0	  0	  0	  0	  0
ASV_301	 62	  0	185	  0	  0	  0	  0	  0	  0	  0	  0	  0	  0	  0	  0
ASV_302	  0	  0	  0	  0	  0	243	  0	  0	  0	  0	  0	  0	  0	  0	  0
ASV_303	167	  0	 74	  0	  0	  0	  0	  0	  0	  0	  0	  0	  0	  0	  0
ASV_304	240	  0	  0	  0	  0	  0	  0	  0	  0	  0	  0	  0	  0	  0	  0
ASV_305	240	  0	  0	  0	  0	  0	  0	  0	  0	  0	  0	  0	  0	  0	  0
ASV_306	238	  0	  0	  0	  0	  0	  0	  0	  0	  0	  0	  0	  0	  0	  0
ASV_307	238	  0	  0	  0	  0	  0	  0	  0	  0	  0	  0	  0	  0	  0	  0
ASV_308	  0	  0	  0	  0	215	  0	 23	  0	  0	  0	  0	  0	  0	  0	  0
ASV_309	  0	  0	  0	  0	  0	238	  0	  0	  0	  0	  0	  0	  0	  0	  0
ASV_310	  0	  0	  0	  0	  0	  0	  0	  0	  0	238	  0	  0	  0	  0	  0
ASV_311	  0	  0	  0	  0	  0	  0	  0	  0	  0	232	  0	  0	  0	  0	  0
ASV_312	  0	  0	  0	  0	223	  0	  0	  0	  0	  0	  0	  0	  0	  0	  0
ASV_313	  0	  0	  0	  0	  0	  0	222	  0	  0	  0	  0	  0	  0	  0	  0
ASV_314	  0	  0	220	  0	  0	  0	  0	  0	  0	  0	  0	  0	  0	  0	  0
ASV_315	  0	  0	  0	219	  0	  0	  0	  0	  0	  0	  0	  0	  0	  0	  0
ASV_316	  0	  0	  0	  0	219	  0	  0	  0	  0	  0	  0	  0	  0	  0	  0
ASV_317	  0	  0	  0	  0	219	  0	  0	  0	  0	  0	  0	  0	  0	  0	  0
ASV_318	  0	  0	  0	  0	216	  0	  0	  0	  0	  0	  0	  0	  0	  0	  0
ASV_319	  0	  0	  0	  0	214	  0	  0	  0	  0	  0	  0	  0	  0	  0	  0
ASV_320	  0	  0	  0	  0	211	  0	  0	  0	  0	  0	  0	  0	  0	  0	  0
ASV_321	  0	  0	206	  0	  0	  0	  0	  3	  0	  0	  0	  0	  0	  0	  0
ASV_322	  0	  0	  0	  0	206	  0	  0	  0	  0	  0	  0	  0	  0	  0	  0
ASV_323	201	  0	  0	  0	  0	  0	  0	  0	  0	  0	  0	  0	  0	  0	  0
ASV_324	  0	  0	  0	  0	  0	198	  0	  0	  0	  0	  0	  0	  0	  0	  0
ASV_325	  0	  0	193	  0	  0	  0	  0	  0	  0	  0	  0	  0	  0	  0	  0
ASV_326	  0	  0	  0	  0	  0	  0	  0	  0	  0	  0	  0	  0	  0	191	  0
ASV_327	  0	  0	  0	  0	156	  0	  0	  0	  0	  0	  0	 34	  0	  0	  0
ASV_328	  0	  0	  0	  0	  0	  0	  0	  0	  0	190	  0	  0	  0	  0	  0
ASV_329	  0	  0	  0	  0	  0	188	  0	  0	  0	  0	  0	  0	  0	  0	  0
ASV_330	  0	  0	187	  0	  0	  0	  0	  0	  0	  0	  0	  0	  0	  0	  0
ASV_331	  0	  0	187	  0	  0	  0	  0	  0	  0	  0	  0	  0	  0	  0	  0
ASV_332	  0	  0	185	  0	  0	  0	  0	  0	  0	  0	  0	  0	  0	  0	  0
ASV_333	  0	  0	  0	  0	  0	  0	  0	184	  0	  0	  0	  0	  0	  0	  0
ASV_334	  0	181	  0	  0	  0	  0	  0	  0	  0	  0	  0	  0	  0	  0	  0
ASV_335	  0	  0	  0	  0	  0	179	  0	  0	  0	  0	  0	  0	  0	  0	  0
ASV_336	178	  0	  0	  0	  0	  0	  0	  0	  0	  0	  0	  0	  0	  0	  0
ASV_337	  0	  0	176	  0	  0	  0	  0	  0	  0	  0	  0	  0	  0	  0	  0
ASV_338	171	  0	  0	  0	  0	  0	  0	  0	  0	  0	  0	  0	  0	  0	  0
ASV_339	  0	  0	  0	  0	167	  0	  0	  0	  0	  0	  0	  0	  0	  0	  0
ASV_340	  0	  0	  0	  0	167	  0	  0	  0	  0	  0	  0	  0	  0	  0	  0
ASV_341	165	  0	  0	  0	  0	  0	  0	  0	  0	  0	  0	  0	  0	  0	  0
ASV_342	  0	  0	163	  0	  0	  0	  0	  0	  0	  0	  0	  0	  0	  0	  0
ASV_343	162	  0	  0	  0	  0	  0	  0	  0	  0	  0	  0	  0	  0	  0	  0
ASV_344	  0	  0	161	  0	  0	  0	  0	  0	  0	  0	  0	  0	  0	  0	  0
ASV_345	  0	  0	  0	  0	161	  0	  0	  0	  0	  0	  0	  0	  0	  0	  0
ASV_346	  0	  0	  0	  0	158	  0	  0	  0	  0	  0	  0	  0	  0	  0	  0
ASV_347	  0	  0	  0	  0	157	  0	  0	  0	  0	  0	  0	  0	  0	  0	  0
ASV_348	  0	  0	156	  0	  0	  0	  0	  0	  0	  0	  0	  0	  0	  0	  0
ASV_349	  0	  0	  0	  0	154	  0	  0	  0	  0	  0	  0	  0	  0	  0	  0
ASV_350	  0	  0	  0	  0	  0	  0	  0	  0	  0	154	  0	  0	  0	  0	  0
ASV_351	  0	  0	  0	  0	153	  0	  0	  0	  0	  0	  0	  0	  0	  0	  0
ASV_352	  0	  0	  0	  0	  0	152	  0	  0	  0	  0	  0	  0	  0	  0	  0
ASV_353	  0	  0	  0	  0	  0	152	  0	  0	  0	  0	  0	  0	  0	  0	  0
ASV_354	133	  0	  0	  0	 18	  0	  0	  0	  0	  0	  0	  0	  0	  0	  0
ASV_355	  0	  0	149	  0	  0	  0	  0	  0	  0	  0	  0	  0	  0	  0	  0
ASV_356	  0	  0	  0	  0	128	  0	  0	  0	  0	  0	  0	  0	  0	 20	  0
ASV_357	147	  0	  0	  0	  0	  0	  0	  0	  0	  0	  0	  0	  0	  0	  0
ASV_358	  0	  0	  0	  0	  0	  0	  0	  0	145	  0	  0	  0	  0	  0	  0
ASV_359	  0	  0	  0	  0	144	  0	  0	  0	  0	  0	  0	  0	  0	  0	  0
ASV_360	143	  0	  0	  0	  0	  0	  0	  0	  0	  0	  0	  0	  0	  0	  0
ASV_361	  0	  0	  0	  0	  0	142	  0	  0	  0	  0	  0	  0	  0	  0	  0
ASV_362	  0	  0	  0	  0	141	  0	  0	  0	  0	  0	  0	  0	  0	  0	  0
ASV_363	  0	  0	  0	  0	138	  0	  0	  0	  0	  0	  0	  0	  0	  0	  0
ASV_364	137	  0	  0	  0	  0	  0	  0	  0	  0	  0	  0	  0	  0	  0	  0
ASV_365	  0	  0	  0	  0	  0	137	  0	  0	  0	  0	  0	  0	  0	  0	  0
ASV_366	  0	  0	136	  0	  0	  0	  0	  0	  0	  0	  0	  0	  0	  0	  0
ASV_367	  0	  0	  0	  0	136	  0	  0	  0	  0	  0	  0	  0	  0	  0	  0
ASV_368	  0	  0	  0	  0	  0	136	  0	  0	  0	  0	  0	  0	  0	  0	  0
ASV_369	  0	  0	  0	135	  0	  0	  0	  0	  0	  0	  0	  0	  0	  0	  0
ASV_370	113	  0	  0	  0	  0	  0	 16	  0	  0	  0	  0	  0	  0	  5	  0
ASV_371	  0	  0	134	  0	  0	  0	  0	  0	  0	  0	  0	  0	  0	  0	  0
ASV_372	  0	  0	  0	  0	  0	134	  0	  0	  0	  0	  0	  0	  0	  0	  0
ASV_373	  0	  0	  0	  0	133	  0	  0	  0	  0	  0	  0	  0	  0	  0	  0
ASV_374	  0	  0	  0	  0	  0	133	  0	  0	  0	  0	  0	  0	  0	  0	  0
ASV_375	 25	  0	  0	  0	106	  0	  0	  0	  0	  0	  0	  0	  0	  0	  0
ASV_376	130	  0	  0	  0	  0	  0	  0	  0	  0	  0	  0	  0	  0	  0	  0
ASV_377	108	  0	  0	  0	 21	  0	  0	  0	  0	  0	  0	  0	  0	  0	  0
ASV_378	  0	  0	129	  0	  0	  0	  0	  0	  0	  0	  0	  0	  0	  0	  0
ASV_379	128	  0	  0	  0	  0	  0	  0	  0	  0	  0	  0	  0	  0	  0	  0
ASV_380	  0	  0	127	  0	  0	  0	  0	  0	  0	  0	  0	  0	  0	  0	  0
ASV_381	  0	  0	  0	  0	  0	  0	  0	127	  0	  0	  0	  0	  0	  0	  0
ASV_382	126	  0	  0	  0	  0	  0	  0	  0	  0	  0	  0	  0	  0	  0	  0
ASV_383	121	  0	  4	  0	  0	  0	  0	  0	  0	  0	  0	  0	  0	  0	  0
ASV_384	  0	  0	  0	  0	  0	123	  0	  0	  0	  0	  0	  0	  0	  0	  0
ASV_385	75	 0	47	 0	 0	 0	 0	 0	 0	 0	 0	 0	 0	 0	 0
ASV_386	  0	  0	122	  0	  0	  0	  0	  0	  0	  0	  0	  0	  0	  0	  0
ASV_387	  0	  0	122	  0	  0	  0	  0	  0	  0	  0	  0	  0	  0	  0	  0
ASV_388	  0	  0	  0	  0	  0	 20	102	  0	  0	  0	  0	  0	  0	  0	  0
ASV_389	  0	  0	  0	  0	120	  0	  0	  0	  0	  0	  0	  0	  0	  0	  0
ASV_390	  0	  0	  0	  0	  0	120	  0	  0	  0	  0	  0	  0	  0	  0	  0
ASV_391	  0	  0	  0	  0	  0	  0	120	  0	  0	  0	  0	  0	  0	  0	  0
ASV_392	  0	  0	  0	  0	  0	117	  0	  0	  0	  0	  0	  0	  0	  0	  0
ASV_393	  0	  0	115	  0	  0	  0	  0	  0	  0	  0	  0	  0	  0	  0	  0
ASV_394	 0	 0	88	 0	27	 0	 0	 0	 0	 0	 0	 0	 0	 0	 0
ASV_395	  0	  0	115	  0	  0	  0	  0	  0	  0	  0	  0	  0	  0	  0	  0
ASV_396	  0	  0	  0	  0	115	  0	  0	  0	  0	  0	  0	  0	  0	  0	  0
ASV_397	  0	  0	114	  0	  0	  0	  0	  0	  0	  0	  0	  0	  0	  0	  0
ASV_398	  0	  0	114	  0	  0	  0	  0	  0	  0	  0	  0	  0	  0	  0	  0
ASV_399	  0	  0	  0	  0	  0	114	  0	  0	  0	  0	  0	  0	  0	  0	  0
ASV_400	113	  0	  0	  0	  0	  0	  0	  0	  0	  0	  0	  0	  0	  0	  0
ASV_401	113	  0	  0	  0	  0	  0	  0	  0	  0	  0	  0	  0	  0	  0	  0
ASV_402	  0	  0	  0	  0	113	  0	  0	  0	  0	  0	  0	  0	  0	  0	  0
ASV_403	 0	 0	 0	 0	62	 4	33	 0	 9	 0	 0	 0	 5	 0	 0
ASV_404	112	  0	  0	  0	  0	  0	  0	  0	  0	  0	  0	  0	  0	  0	  0
ASV_405	  0	  0	  0	  0	112	  0	  0	  0	  0	  0	  0	  0	  0	  0	  0
ASV_406	  0	  0	  0	  0	  0	112	  0	  0	  0	  0	  0	  0	  0	  0	  0
ASV_407	  0	  0	  0	  0	  0	  0	112	  0	  0	  0	  0	  0	  0	  0	  0
ASV_408	111	  0	  0	  0	  0	  0	  0	  0	  0	  0	  0	  0	  0	  0	  0
ASV_409	  0	  0	111	  0	  0	  0	  0	  0	  0	  0	  0	  0	  0	  0	  0
ASV_410	  0	  0	109	  0	  0	  0	  0	  0	  0	  0	  0	  0	  0	  0	  0
ASV_411	  0	  0	109	  0	  0	  0	  0	  0	  0	  0	  0	  0	  0	  0	  0
ASV_412	  0	  0	107	  0	  0	  0	  0	  0	  0	  0	  0	  0	  0	  0	  0
ASV_413	106	  0	  0	  0	  0	  0	  0	  0	  0	  0	  0	  0	  0	  0	  0
ASV_414	  0	  0	  0	  0	  0	106	  0	  0	  0	  0	  0	  0	  0	  0	  0
ASV_415	105	  0	  0	  0	  0	  0	  0	  0	  0	  0	  0	  0	  0	  0	  0
ASV_416	105	  0	  0	  0	  0	  0	  0	  0	  0	  0	  0	  0	  0	  0	  0
ASV_417	103	  0	  0	  0	  0	  0	  0	  0	  0	  0	  0	  0	  0	  0	  0
ASV_418	  0	  0	  0	  0	102	  0	  0	  0	  0	  0	  0	  0	  0	  0	  0
ASV_419	100	  0	  0	  0	  0	  0	  0	  0	  0	  0	  0	  0	  0	  0	  0
ASV_420	 0	 0	 0	 0	 0	 0	90	 0	 0	 0	 0	10	 0	 0	 0
ASV_421	 0	 0	 0	 0	99	 0	 0	 0	 0	 0	 0	 0	 0	 0	 0
ASV_422	 0	 0	 0	 0	 0	 0	 0	99	 0	 0	 0	 0	 0	 0	 0
ASV_423	98	 0	 0	 0	 0	 0	 0	 0	 0	 0	 0	 0	 0	 0	 0
ASV_424	98	 0	 0	 0	 0	 0	 0	 0	 0	 0	 0	 0	 0	 0	 0
ASV_425	 0	 0	 0	 0	77	 0	 0	 0	 0	 0	 0	 0	 0	20	 0
ASV_426	 0	 0	 0	 0	 0	 0	 0	97	 0	 0	 0	 0	 0	 0	 0
ASV_427	 0	 0	96	 0	 0	 0	 0	 0	 0	 0	 0	 0	 0	 0	 0
ASV_428	 0	 0	 0	 0	95	 0	 0	 0	 0	 0	 0	 0	 0	 0	 0
ASV_429	94	 0	 0	 0	 0	 0	 0	 0	 0	 0	 0	 0	 0	 0	 0
ASV_430	 0	 0	94	 0	 0	 0	 0	 0	 0	 0	 0	 0	 0	 0	 0
ASV_431	 0	 0	 0	 0	 0	 0	94	 0	 0	 0	 0	 0	 0	 0	 0
ASV_432	 0	 0	67	 0	25	 0	 0	 0	 0	 0	 0	 0	 0	 0	 0
ASV_433	 0	 0	 0	 0	 4	74	13	 0	 0	 0	 0	 0	 0	 0	 0
ASV_434	 0	 0	 0	 0	90	 0	 0	 0	 0	 0	 0	 0	 0	 0	 0
ASV_435	 0	 0	 0	 0	 0	 0	90	 0	 0	 0	 0	 0	 0	 0	 0
ASV_436	 0	 0	 0	 0	 0	13	19	 0	57	 0	 0	 0	 0	 0	 0
ASV_437	88	 0	 0	 0	 0	 0	 0	 0	 0	 0	 0	 0	 0	 0	 0
ASV_438	 0	 0	87	 0	 0	 0	 0	 0	 0	 0	 0	 0	 0	 0	 0
ASV_439	 0	 0	 0	 0	 0	87	 0	 0	 0	 0	 0	 0	 0	 0	 0
ASV_440	 0	 0	 0	 0	 0	87	 0	 0	 0	 0	 0	 0	 0	 0	 0
ASV_441	 0	 0	86	 0	 0	 0	 0	 0	 0	 0	 0	 0	 0	 0	 0
ASV_442	 0	 0	 0	 0	86	 0	 0	 0	 0	 0	 0	 0	 0	 0	 0
ASV_443	85	 0	 0	 0	 0	 0	 0	 0	 0	 0	 0	 0	 0	 0	 0
ASV_444	 0	 0	85	 0	 0	 0	 0	 0	 0	 0	 0	 0	 0	 0	 0
ASV_445	 0	 0	 0	 0	 0	85	 0	 0	 0	 0	 0	 0	 0	 0	 0
ASV_446	 0	 0	 0	 0	 0	 0	 0	85	 0	 0	 0	 0	 0	 0	 0
ASV_447	 0	 0	84	 0	 0	 0	 0	 0	 0	 0	 0	 0	 0	 0	 0
ASV_448	 0	 0	84	 0	 0	 0	 0	 0	 0	 0	 0	 0	 0	 0	 0
ASV_449	 0	 0	84	 0	 0	 0	 0	 0	 0	 0	 0	 0	 0	 0	 0
ASV_450	 0	 0	 0	 0	 0	 0	84	 0	 0	 0	 0	 0	 0	 0	 0
ASV_451	 0	 0	 0	 0	 0	 0	 0	 0	 0	 0	 0	 0	 0	 0	84
ASV_452	 0	 0	83	 0	 0	 0	 0	 0	 0	 0	 0	 0	 0	 0	 0
ASV_453	 0	 0	 0	 0	 0	 0	 0	 0	 0	83	 0	 0	 0	 0	 0
ASV_454	 0	 0	 0	 0	 0	 0	 0	 0	 0	 0	 0	 0	 0	 0	83
ASV_455	 0	 0	82	 0	 0	 0	 0	 0	 0	 0	 0	 0	 0	 0	 0
ASV_456	 0	 0	81	 0	 0	 0	 0	 0	 0	 0	 0	 0	 0	 0	 0
ASV_457	 0	 0	81	 0	 0	 0	 0	 0	 0	 0	 0	 0	 0	 0	 0
ASV_458	 0	 0	81	 0	 0	 0	 0	 0	 0	 0	 0	 0	 0	 0	 0
ASV_459	 0	 0	 0	 0	 0	80	 0	 0	 0	 0	 0	 0	 0	 0	 0
ASV_460	 0	 0	 0	 0	 0	 0	 0	 0	 0	 0	 0	42	 0	 0	38
ASV_461	 0	 0	 0	 0	79	 0	 0	 0	 0	 0	 0	 0	 0	 0	 0
ASV_462	77	 0	 0	 0	 0	 0	 0	 0	 0	 0	 0	 0	 0	 0	 0
ASV_463	 0	 0	76	 0	 0	 0	 0	 0	 0	 0	 0	 0	 0	 0	 0
ASV_464	 0	 0	76	 0	 0	 0	 0	 0	 0	 0	 0	 0	 0	 0	 0
ASV_465	 0	 0	 0	 0	 0	76	 0	 0	 0	 0	 0	 0	 0	 0	 0
ASV_466	 0	 0	75	 0	 0	 0	 0	 0	 0	 0	 0	 0	 0	 0	 0
ASV_467	74	 0	 0	 0	 0	 0	 0	 0	 0	 0	 0	 0	 0	 0	 0
ASV_468	 0	 0	73	 0	 0	 0	 0	 0	 0	 0	 0	 0	 0	 0	 0
ASV_469	 0	 0	73	 0	 0	 0	 0	 0	 0	 0	 0	 0	 0	 0	 0
ASV_470	 0	 0	73	 0	 0	 0	 0	 0	 0	 0	 0	 0	 0	 0	 0
ASV_471	 0	 0	 0	 0	 0	73	 0	 0	 0	 0	 0	 0	 0	 0	 0
ASV_472	 0	 0	71	 0	 0	 0	 0	 0	 0	 0	 0	 0	 0	 0	 0
ASV_473	 0	 0	71	 0	 0	 0	 0	 0	 0	 0	 0	 0	 0	 0	 0
ASV_474	 0	 0	66	 0	 5	 0	 0	 0	 0	 0	 0	 0	 0	 0	 0
ASV_475	 0	 0	71	 0	 0	 0	 0	 0	 0	 0	 0	 0	 0	 0	 0
ASV_476	 0	 0	 0	 0	71	 0	 0	 0	 0	 0	 0	 0	 0	 0	 0
ASV_477	70	 0	 0	 0	 0	 0	 0	 0	 0	 0	 0	 0	 0	 0	 0
ASV_478	25	 0	 0	 0	 0	45	 0	 0	 0	 0	 0	 0	 0	 0	 0
ASV_479	 0	 0	70	 0	 0	 0	 0	 0	 0	 0	 0	 0	 0	 0	 0
ASV_480	 0	 0	69	 0	 0	 0	 0	 0	 0	 0	 0	 0	 0	 0	 0
ASV_481	 0	 0	69	 0	 0	 0	 0	 0	 0	 0	 0	 0	 0	 0	 0
ASV_482	 0	 0	69	 0	 0	 0	 0	 0	 0	 0	 0	 0	 0	 0	 0
ASV_483	 0	 0	68	 0	 0	 0	 0	 0	 0	 0	 0	 0	 0	 0	 0
ASV_484	 0	 0	 0	 0	68	 0	 0	 0	 0	 0	 0	 0	 0	 0	 0
ASV_485	 0	 0	 0	 0	49	 0	 0	 0	 0	 0	 0	19	 0	 0	 0
ASV_486	67	 0	 0	 0	 0	 0	 0	 0	 0	 0	 0	 0	 0	 0	 0
ASV_487	67	 0	 0	 0	 0	 0	 0	 0	 0	 0	 0	 0	 0	 0	 0
ASV_488	 0	 0	67	 0	 0	 0	 0	 0	 0	 0	 0	 0	 0	 0	 0
ASV_489	 0	 0	 0	 0	67	 0	 0	 0	 0	 0	 0	 0	 0	 0	 0
ASV_490	 0	 0	 0	 0	 0	67	 0	 0	 0	 0	 0	 0	 0	 0	 0
ASV_491	 0	 0	 0	 0	 0	 0	 0	 0	 0	 0	 0	 0	 0	 0	67
ASV_492	 0	 0	66	 0	 0	 0	 0	 0	 0	 0	 0	 0	 0	 0	 0
ASV_493	 0	 0	56	 0	10	 0	 0	 0	 0	 0	 0	 0	 0	 0	 0
ASV_494	 0	 0	66	 0	 0	 0	 0	 0	 0	 0	 0	 0	 0	 0	 0
ASV_495	 0	 0	 0	 0	 0	66	 0	 0	 0	 0	 0	 0	 0	 0	 0
ASV_496	 0	 0	 0	 0	 0	66	 0	 0	 0	 0	 0	 0	 0	 0	 0
ASV_497	28	 3	 0	 0	 0	 0	34	 0	 0	 0	 0	 0	 0	 0	 0
ASV_498	 0	 0	 0	 0	 0	 0	 0	 0	 0	 0	 0	 0	 0	 0	65
ASV_499	 0	 0	 0	 0	 0	 0	 0	 0	 0	 0	 0	 0	 0	 0	65
ASV_500	 0	 0	64	 0	 0	 0	 0	 0	 0	 0	 0	 0	 0	 0	 0
ASV_501	 0	 0	64	 0	 0	 0	 0	 0	 0	 0	 0	 0	 0	 0	 0
ASV_502	 0	 0	64	 0	 0	 0	 0	 0	 0	 0	 0	 0	 0	 0	 0
ASV_503	 0	 0	64	 0	 0	 0	 0	 0	 0	 0	 0	 0	 0	 0	 0
ASV_504	 0	 0	 0	 0	 0	 0	64	 0	 0	 0	 0	 0	 0	 0	 0
ASV_505	59	 0	 0	 0	 0	 0	 0	 0	 4	 0	 0	 0	 0	 0	 0
ASV_506	 0	 0	63	 0	 0	 0	 0	 0	 0	 0	 0	 0	 0	 0	 0
ASV_507	 0	 0	 0	 0	63	 0	 0	 0	 0	 0	 0	 0	 0	 0	 0
ASV_508	62	 0	 0	 0	 0	 0	 0	 0	 0	 0	 0	 0	 0	 0	 0
ASV_509	 0	 0	 0	 0	 0	62	 0	 0	 0	 0	 0	 0	 0	 0	 0
ASV_510	 0	 0	61	 0	 0	 0	 0	 0	 0	 0	 0	 0	 0	 0	 0
ASV_511	 0	 0	61	 0	 0	 0	 0	 0	 0	 0	 0	 0	 0	 0	 0
ASV_512	60	 0	 0	 0	 0	 0	 0	 0	 0	 0	 0	 0	 0	 0	 0
ASV_513	60	 0	 0	 0	 0	 0	 0	 0	 0	 0	 0	 0	 0	 0	 0
ASV_514	 0	 0	60	 0	 0	 0	 0	 0	 0	 0	 0	 0	 0	 0	 0
ASV_515	 0	 0	60	 0	 0	 0	 0	 0	 0	 0	 0	 0	 0	 0	 0
ASV_516	 0	 0	 0	 0	60	 0	 0	 0	 0	 0	 0	 0	 0	 0	 0
ASV_517	59	 0	 0	 0	 0	 0	 0	 0	 0	 0	 0	 0	 0	 0	 0
ASV_518	59	 0	 0	 0	 0	 0	 0	 0	 0	 0	 0	 0	 0	 0	 0
ASV_519	59	 0	 0	 0	 0	 0	 0	 0	 0	 0	 0	 0	 0	 0	 0
ASV_520	 0	 0	59	 0	 0	 0	 0	 0	 0	 0	 0	 0	 0	 0	 0
ASV_521	 0	 0	59	 0	 0	 0	 0	 0	 0	 0	 0	 0	 0	 0	 0
ASV_522	 0	 0	59	 0	 0	 0	 0	 0	 0	 0	 0	 0	 0	 0	 0
ASV_523	 0	 0	59	 0	 0	 0	 0	 0	 0	 0	 0	 0	 0	 0	 0
ASV_524	58	 0	 0	 0	 0	 0	 0	 0	 0	 0	 0	 0	 0	 0	 0
ASV_525	 0	 0	58	 0	 0	 0	 0	 0	 0	 0	 0	 0	 0	 0	 0
ASV_526	 0	 0	58	 0	 0	 0	 0	 0	 0	 0	 0	 0	 0	 0	 0
ASV_527	 0	 0	57	 0	 0	 0	 0	 0	 0	 0	 0	 0	 0	 0	 0
ASV_528	 0	 0	 0	 0	57	 0	 0	 0	 0	 0	 0	 0	 0	 0	 0
ASV_529	 0	 0	 0	 0	57	 0	 0	 0	 0	 0	 0	 0	 0	 0	 0
ASV_530	 0	 0	 0	 0	57	 0	 0	 0	 0	 0	 0	 0	 0	 0	 0
ASV_531	 0	 0	56	 0	 0	 0	 0	 0	 0	 0	 0	 0	 0	 0	 0
ASV_532	 0	 0	56	 0	 0	 0	 0	 0	 0	 0	 0	 0	 0	 0	 0
ASV_533	 0	 0	56	 0	 0	 0	 0	 0	 0	 0	 0	 0	 0	 0	 0
ASV_534	 0	 0	 0	 0	 0	 0	 0	55	 0	 0	 0	 0	 0	 0	 0
ASV_535	 0	 0	54	 0	 0	 0	 0	 0	 0	 0	 0	 0	 0	 0	 0
ASV_536	 0	 0	54	 0	 0	 0	 0	 0	 0	 0	 0	 0	 0	 0	 0
ASV_537	 0	 0	54	 0	 0	 0	 0	 0	 0	 0	 0	 0	 0	 0	 0
ASV_538	 0	 0	34	 0	 0	20	 0	 0	 0	 0	 0	 0	 0	 0	 0
ASV_539	 0	 0	53	 0	 0	 0	 0	 0	 0	 0	 0	 0	 0	 0	 0
ASV_540	 0	 0	53	 0	 0	 0	 0	 0	 0	 0	 0	 0	 0	 0	 0
ASV_541	 0	 0	53	 0	 0	 0	 0	 0	 0	 0	 0	 0	 0	 0	 0
ASV_542	 0	 0	 0	 0	53	 0	 0	 0	 0	 0	 0	 0	 0	 0	 0
ASV_543	 0	 0	 0	 0	52	 0	 0	 0	 0	 0	 0	 0	 0	 0	 0
ASV_544	 0	 0	 0	 0	52	 0	 0	 0	 0	 0	 0	 0	 0	 0	 0
ASV_545	 0	 0	 0	 0	52	 0	 0	 0	 0	 0	 0	 0	 0	 0	 0
ASV_546	 0	 0	 0	 0	52	 0	 0	 0	 0	 0	 0	 0	 0	 0	 0
ASV_547	 0	 0	 0	 0	52	 0	 0	 0	 0	 0	 0	 0	 0	 0	 0
ASV_548	 0	 0	 0	 0	 0	 0	 0	 0	 0	 0	46	 6	 0	 0	 0
ASV_549	 0	 0	51	 0	 0	 0	 0	 0	 0	 0	 0	 0	 0	 0	 0
ASV_550	 0	 0	51	 0	 0	 0	 0	 0	 0	 0	 0	 0	 0	 0	 0
ASV_551	 0	 0	 0	 0	51	 0	 0	 0	 0	 0	 0	 0	 0	 0	 0
ASV_552	 0	 0	 0	 0	51	 0	 0	 0	 0	 0	 0	 0	 0	 0	 0
ASV_553	 0	 0	 0	 0	 0	 0	51	 0	 0	 0	 0	 0	 0	 0	 0
ASV_554	 0	 0	50	 0	 0	 0	 0	 0	 0	 0	 0	 0	 0	 0	 0
ASV_555	 0	 0	 0	 0	 0	 0	 0	 0	 0	 0	 0	50	 0	 0	 0
ASV_556	49	 0	 0	 0	 0	 0	 0	 0	 0	 0	 0	 0	 0	 0	 0
ASV_557	37	 0	 0	 0	 0	 0	 0	12	 0	 0	 0	 0	 0	 0	 0
ASV_558	 0	 0	49	 0	 0	 0	 0	 0	 0	 0	 0	 0	 0	 0	 0
ASV_559	 0	 0	49	 0	 0	 0	 0	 0	 0	 0	 0	 0	 0	 0	 0
ASV_560	48	 0	 0	 0	 0	 0	 0	 0	 0	 0	 0	 0	 0	 0	 0
ASV_561	48	 0	 0	 0	 0	 0	 0	 0	 0	 0	 0	 0	 0	 0	 0
ASV_562	48	 0	 0	 0	 0	 0	 0	 0	 0	 0	 0	 0	 0	 0	 0
ASV_563	 0	 0	48	 0	 0	 0	 0	 0	 0	 0	 0	 0	 0	 0	 0
ASV_564	 0	 0	 0	 0	48	 0	 0	 0	 0	 0	 0	 0	 0	 0	 0
ASV_565	29	 0	 7	 0	 0	11	 0	 0	 0	 0	 0	 0	 0	 0	 0
ASV_566	47	 0	 0	 0	 0	 0	 0	 0	 0	 0	 0	 0	 0	 0	 0
ASV_567	 0	 0	47	 0	 0	 0	 0	 0	 0	 0	 0	 0	 0	 0	 0
ASV_568	 0	 0	47	 0	 0	 0	 0	 0	 0	 0	 0	 0	 0	 0	 0
ASV_569	 0	 0	47	 0	 0	 0	 0	 0	 0	 0	 0	 0	 0	 0	 0
ASV_570	 0	 0	47	 0	 0	 0	 0	 0	 0	 0	 0	 0	 0	 0	 0
ASV_571	 0	 0	47	 0	 0	 0	 0	 0	 0	 0	 0	 0	 0	 0	 0
ASV_572	 0	 0	45	 0	 0	 0	 0	 0	 0	 0	 0	 0	 0	 0	 0
ASV_573	 0	 0	45	 0	 0	 0	 0	 0	 0	 0	 0	 0	 0	 0	 0
ASV_574	 0	 0	 0	 0	 0	45	 0	 0	 0	 0	 0	 0	 0	 0	 0
ASV_575	 0	 0	 0	 0	 0	 0	45	 0	 0	 0	 0	 0	 0	 0	 0
ASV_576	 0	 0	 0	 0	 0	 0	 0	 0	 0	 0	 0	 0	45	 0	 0
ASV_577	 0	 0	44	 0	 0	 0	 0	 0	 0	 0	 0	 0	 0	 0	 0
ASV_578	 0	 0	 0	44	 0	 0	 0	 0	 0	 0	 0	 0	 0	 0	 0
ASV_579	 0	 0	 0	 0	 0	44	 0	 0	 0	 0	 0	 0	 0	 0	 0
ASV_580	43	 0	 0	 0	 0	 0	 0	 0	 0	 0	 0	 0	 0	 0	 0
ASV_581	 0	 0	43	 0	 0	 0	 0	 0	 0	 0	 0	 0	 0	 0	 0
ASV_582	 0	 0	43	 0	 0	 0	 0	 0	 0	 0	 0	 0	 0	 0	 0
ASV_583	 0	 0	43	 0	 0	 0	 0	 0	 0	 0	 0	 0	 0	 0	 0
ASV_584	 0	 0	 0	 0	 0	 0	43	 0	 0	 0	 0	 0	 0	 0	 0
ASV_585	 0	 0	 0	 0	 0	 0	43	 0	 0	 0	 0	 0	 0	 0	 0
ASV_586	 0	 0	 0	 0	 0	 0	 0	 0	43	 0	 0	 0	 0	 0	 0
ASV_587	 0	 0	 0	 0	 0	 0	 0	 0	 0	 0	 0	43	 0	 0	 0
ASV_588	 0	 0	 0	 0	 0	 0	 0	 0	 0	 0	 0	 0	 0	43	 0
ASV_589	42	 0	 0	 0	 0	 0	 0	 0	 0	 0	 0	 0	 0	 0	 0
ASV_590	 0	 0	42	 0	 0	 0	 0	 0	 0	 0	 0	 0	 0	 0	 0
ASV_591	 0	 0	42	 0	 0	 0	 0	 0	 0	 0	 0	 0	 0	 0	 0
ASV_592	 0	 0	 0	42	 0	 0	 0	 0	 0	 0	 0	 0	 0	 0	 0
ASV_593	 0	 0	 0	 0	42	 0	 0	 0	 0	 0	 0	 0	 0	 0	 0
ASV_594	 0	 0	41	 0	 0	 0	 0	 0	 0	 0	 0	 0	 0	 0	 0
ASV_595	 0	 0	41	 0	 0	 0	 0	 0	 0	 0	 0	 0	 0	 0	 0
ASV_596	 0	 0	 0	 0	 0	 0	 0	 0	 0	 0	 0	 0	 0	 0	41
ASV_597	21	 0	 0	 0	19	 0	 0	 0	 0	 0	 0	 0	 0	 0	 0
ASV_598	 0	 0	40	 0	 0	 0	 0	 0	 0	 0	 0	 0	 0	 0	 0
ASV_599	 0	 0	 0	 0	40	 0	 0	 0	 0	 0	 0	 0	 0	 0	 0
ASV_600	 0	 0	 0	 0	 0	 0	 0	 0	 0	 0	 0	 0	 0	40	 0
ASV_601	 0	 0	39	 0	 0	 0	 0	 0	 0	 0	 0	 0	 0	 0	 0
ASV_602	 0	 0	 0	 0	 0	 0	 0	39	 0	 0	 0	 0	 0	 0	 0
ASV_603	38	 0	 0	 0	 0	 0	 0	 0	 0	 0	 0	 0	 0	 0	 0
ASV_604	38	 0	 0	 0	 0	 0	 0	 0	 0	 0	 0	 0	 0	 0	 0
ASV_605	 0	 0	38	 0	 0	 0	 0	 0	 0	 0	 0	 0	 0	 0	 0
ASV_606	 0	 0	38	 0	 0	 0	 0	 0	 0	 0	 0	 0	 0	 0	 0
ASV_607	 0	 0	38	 0	 0	 0	 0	 0	 0	 0	 0	 0	 0	 0	 0
ASV_608	 0	 0	 0	 0	38	 0	 0	 0	 0	 0	 0	 0	 0	 0	 0
ASV_609	 0	 0	 0	 0	 0	38	 0	 0	 0	 0	 0	 0	 0	 0	 0
ASV_610	 0	 0	 0	 0	 0	38	 0	 0	 0	 0	 0	 0	 0	 0	 0
ASV_611	 0	 0	 0	 0	 0	 0	38	 0	 0	 0	 0	 0	 0	 0	 0
ASV_612	 0	 0	 0	 0	 0	 0	 0	 0	 0	 0	 0	 0	38	 0	 0
ASV_613	 0	 0	37	 0	 0	 0	 0	 0	 0	 0	 0	 0	 0	 0	 0
ASV_614	 0	 0	 0	 0	37	 0	 0	 0	 0	 0	 0	 0	 0	 0	 0
ASV_615	 0	 0	 0	 0	 0	37	 0	 0	 0	 0	 0	 0	 0	 0	 0
ASV_616	 0	 0	36	 0	 0	 0	 0	 0	 0	 0	 0	 0	 0	 0	 0
ASV_617	 0	 0	 0	 0	 0	 0	 0	 0	 0	 0	 0	36	 0	 0	 0
ASV_618	35	 0	 0	 0	 0	 0	 0	 0	 0	 0	 0	 0	 0	 0	 0
ASV_619	12	 0	 0	 0	 0	 0	 0	 0	 0	 0	 0	23	 0	 0	 0
ASV_620	 0	 0	35	 0	 0	 0	 0	 0	 0	 0	 0	 0	 0	 0	 0
ASV_621	 0	 0	35	 0	 0	 0	 0	 0	 0	 0	 0	 0	 0	 0	 0
ASV_622	 0	 0	35	 0	 0	 0	 0	 0	 0	 0	 0	 0	 0	 0	 0
ASV_623	 0	 0	 0	 0	35	 0	 0	 0	 0	 0	 0	 0	 0	 0	 0
ASV_624	34	 0	 0	 0	 0	 0	 0	 0	 0	 0	 0	 0	 0	 0	 0
ASV_625	34	 0	 0	 0	 0	 0	 0	 0	 0	 0	 0	 0	 0	 0	 0
ASV_626	 0	 0	34	 0	 0	 0	 0	 0	 0	 0	 0	 0	 0	 0	 0
ASV_627	 0	 0	 0	 0	 0	 0	 0	 0	 0	 0	 0	 0	 0	34	 0
ASV_628	 0	 0	 0	 0	 0	 0	 0	 0	 0	 0	 0	 0	 0	 0	34
ASV_629	 0	 0	 0	 0	 0	 0	 0	 0	 0	 0	 0	 0	 0	 0	34
ASV_630	33	 0	 0	 0	 0	 0	 0	 0	 0	 0	 0	 0	 0	 0	 0
ASV_631	 0	 0	33	 0	 0	 0	 0	 0	 0	 0	 0	 0	 0	 0	 0
ASV_632	 0	 0	33	 0	 0	 0	 0	 0	 0	 0	 0	 0	 0	 0	 0
ASV_633	 0	 0	33	 0	 0	 0	 0	 0	 0	 0	 0	 0	 0	 0	 0
ASV_634	 0	 0	 0	 0	 0	33	 0	 0	 0	 0	 0	 0	 0	 0	 0
ASV_635	 0	 0	 0	 0	 0	 0	 0	 0	 0	33	 0	 0	 0	 0	 0
ASV_636	32	 0	 0	 0	 0	 0	 0	 0	 0	 0	 0	 0	 0	 0	 0
ASV_637	32	 0	 0	 0	 0	 0	 0	 0	 0	 0	 0	 0	 0	 0	 0
ASV_638	32	 0	 0	 0	 0	 0	 0	 0	 0	 0	 0	 0	 0	 0	 0
ASV_639	 0	 0	32	 0	 0	 0	 0	 0	 0	 0	 0	 0	 0	 0	 0
ASV_640	 0	 0	32	 0	 0	 0	 0	 0	 0	 0	 0	 0	 0	 0	 0
ASV_641	 0	 0	 0	 0	 0	32	 0	 0	 0	 0	 0	 0	 0	 0	 0
ASV_642	 0	 0	 0	 0	 0	 0	 0	32	 0	 0	 0	 0	 0	 0	 0
ASV_643	 0	 0	31	 0	 0	 0	 0	 0	 0	 0	 0	 0	 0	 0	 0
ASV_644	 0	 0	31	 0	 0	 0	 0	 0	 0	 0	 0	 0	 0	 0	 0
ASV_645	30	 0	 0	 0	 0	 0	 0	 0	 0	 0	 0	 0	 0	 0	 0
ASV_646	 0	 0	30	 0	 0	 0	 0	 0	 0	 0	 0	 0	 0	 0	 0
ASV_647	 0	 0	30	 0	 0	 0	 0	 0	 0	 0	 0	 0	 0	 0	 0
ASV_648	 0	 0	 0	 0	30	 0	 0	 0	 0	 0	 0	 0	 0	 0	 0
ASV_649	 0	 0	 0	 0	30	 0	 0	 0	 0	 0	 0	 0	 0	 0	 0
ASV_650	 0	 0	29	 0	 0	 0	 0	 0	 0	 0	 0	 0	 0	 0	 0
ASV_651	 0	 0	 0	 0	29	 0	 0	 0	 0	 0	 0	 0	 0	 0	 0
ASV_652	 0	 0	28	 0	 0	 0	 0	 0	 0	 0	 0	 0	 0	 0	 0
ASV_653	 0	 0	28	 0	 0	 0	 0	 0	 0	 0	 0	 0	 0	 0	 0
ASV_654	 0	 0	 0	 0	28	 0	 0	 0	 0	 0	 0	 0	 0	 0	 0
ASV_655	27	 0	 0	 0	 0	 0	 0	 0	 0	 0	 0	 0	 0	 0	 0
ASV_656	 0	 0	27	 0	 0	 0	 0	 0	 0	 0	 0	 0	 0	 0	 0
ASV_657	26	 0	 0	 0	 0	 0	 0	 0	 0	 0	 0	 0	 0	 0	 0
ASV_658	26	 0	 0	 0	 0	 0	 0	 0	 0	 0	 0	 0	 0	 0	 0
ASV_659	26	 0	 0	 0	 0	 0	 0	 0	 0	 0	 0	 0	 0	 0	 0
ASV_660	26	 0	 0	 0	 0	 0	 0	 0	 0	 0	 0	 0	 0	 0	 0
ASV_661	 0	 0	26	 0	 0	 0	 0	 0	 0	 0	 0	 0	 0	 0	 0
ASV_662	 0	 0	26	 0	 0	 0	 0	 0	 0	 0	 0	 0	 0	 0	 0
ASV_663	 0	 0	26	 0	 0	 0	 0	 0	 0	 0	 0	 0	 0	 0	 0
ASV_664	 0	 0	 0	 0	26	 0	 0	 0	 0	 0	 0	 0	 0	 0	 0
ASV_665	 0	25	 0	 0	 0	 0	 0	 0	 0	 0	 0	 0	 0	 0	 0
ASV_666	 0	25	 0	 0	 0	 0	 0	 0	 0	 0	 0	 0	 0	 0	 0
ASV_667	 0	 0	25	 0	 0	 0	 0	 0	 0	 0	 0	 0	 0	 0	 0
ASV_668	 0	 0	25	 0	 0	 0	 0	 0	 0	 0	 0	 0	 0	 0	 0
ASV_669	 0	 0	 0	25	 0	 0	 0	 0	 0	 0	 0	 0	 0	 0	 0
ASV_670	 0	 0	 0	 0	25	 0	 0	 0	 0	 0	 0	 0	 0	 0	 0
ASV_671	 0	 0	24	 0	 0	 0	 0	 0	 0	 0	 0	 0	 0	 0	 0
ASV_672	 0	 0	 0	 0	18	 0	 0	 0	 0	 0	 0	 6	 0	 0	 0
ASV_673	 0	 0	 0	 0	 0	 0	 0	 0	 0	 0	 0	24	 0	 0	 0
ASV_674	 0	 0	 0	 0	 0	 0	 0	 0	 0	 0	 0	 0	24	 0	 0
ASV_675	23	 0	 0	 0	 0	 0	 0	 0	 0	 0	 0	 0	 0	 0	 0
ASV_676	 0	 0	23	 0	 0	 0	 0	 0	 0	 0	 0	 0	 0	 0	 0
ASV_677	22	 0	 0	 0	 0	 0	 0	 0	 0	 0	 0	 0	 0	 0	 0
ASV_678	 0	 0	 0	 0	22	 0	 0	 0	 0	 0	 0	 0	 0	 0	 0
ASV_679	 0	 0	 0	 0	22	 0	 0	 0	 0	 0	 0	 0	 0	 0	 0
ASV_680	 0	 0	 0	 0	 0	 0	22	 0	 0	 0	 0	 0	 0	 0	 0
ASV_681	 0	 0	 0	 0	 0	 0	22	 0	 0	 0	 0	 0	 0	 0	 0
ASV_682	21	 0	 0	 0	 0	 0	 0	 0	 0	 0	 0	 0	 0	 0	 0
ASV_683	 0	 0	21	 0	 0	 0	 0	 0	 0	 0	 0	 0	 0	 0	 0
ASV_684	 0	 0	21	 0	 0	 0	 0	 0	 0	 0	 0	 0	 0	 0	 0
ASV_685	 0	 0	 0	 0	21	 0	 0	 0	 0	 0	 0	 0	 0	 0	 0
ASV_686	 0	 0	 0	 0	 0	21	 0	 0	 0	 0	 0	 0	 0	 0	 0
ASV_687	20	 0	 0	 0	 0	 0	 0	 0	 0	 0	 0	 0	 0	 0	 0
ASV_688	20	 0	 0	 0	 0	 0	 0	 0	 0	 0	 0	 0	 0	 0	 0
ASV_689	 0	 0	20	 0	 0	 0	 0	 0	 0	 0	 0	 0	 0	 0	 0
ASV_690	 0	 0	20	 0	 0	 0	 0	 0	 0	 0	 0	 0	 0	 0	 0
ASV_691	 0	 0	 0	 0	 0	 0	 0	 0	20	 0	 0	 0	 0	 0	 0
ASV_692	19	 0	 0	 0	 0	 0	 0	 0	 0	 0	 0	 0	 0	 0	 0
ASV_693	 0	 0	19	 0	 0	 0	 0	 0	 0	 0	 0	 0	 0	 0	 0
ASV_694	 0	 0	 0	 0	19	 0	 0	 0	 0	 0	 0	 0	 0	 0	 0
ASV_695	 0	 0	 0	 0	 0	 0	19	 0	 0	 0	 0	 0	 0	 0	 0
ASV_696	18	 0	 0	 0	 0	 0	 0	 0	 0	 0	 0	 0	 0	 0	 0
ASV_697	 0	 0	18	 0	 0	 0	 0	 0	 0	 0	 0	 0	 0	 0	 0
ASV_698	 0	 0	18	 0	 0	 0	 0	 0	 0	 0	 0	 0	 0	 0	 0
ASV_699	 0	 0	 0	 0	 0	 0	18	 0	 0	 0	 0	 0	 0	 0	 0
ASV_700	 0	 0	 0	 0	 0	 0	 0	 0	 0	18	 0	 0	 0	 0	 0
ASV_701	 0	 0	 0	 0	 0	 0	 0	 0	 0	 0	 0	 0	18	 0	 0
ASV_702	17	 0	 0	 0	 0	 0	 0	 0	 0	 0	 0	 0	 0	 0	 0
ASV_703	 0	 0	17	 0	 0	 0	 0	 0	 0	 0	 0	 0	 0	 0	 0
ASV_704	 0	 0	17	 0	 0	 0	 0	 0	 0	 0	 0	 0	 0	 0	 0
ASV_705	 0	 0	17	 0	 0	 0	 0	 0	 0	 0	 0	 0	 0	 0	 0
ASV_706	 0	 0	 0	 0	 0	 0	 0	 0	 0	17	 0	 0	 0	 0	 0
ASV_707	16	 0	 0	 0	 0	 0	 0	 0	 0	 0	 0	 0	 0	 0	 0
ASV_708	16	 0	 0	 0	 0	 0	 0	 0	 0	 0	 0	 0	 0	 0	 0
ASV_709	0	0	7	0	9	0	0	0	0	0	0	0	0	0	0
ASV_710	 0	 0	 0	 0	16	 0	 0	 0	 0	 0	 0	 0	 0	 0	 0
ASV_711	 0	 0	 0	 0	 0	 0	16	 0	 0	 0	 0	 0	 0	 0	 0
ASV_712	 0	 0	 0	 0	 0	 0	 0	 0	16	 0	 0	 0	 0	 0	 0
ASV_713	 0	 0	 0	 0	 0	 0	 0	 0	16	 0	 0	 0	 0	 0	 0
ASV_714	 0	 0	 0	 0	 0	 0	 0	 0	 0	 0	 0	16	 0	 0	 0
ASV_715	15	 0	 0	 0	 0	 0	 0	 0	 0	 0	 0	 0	 0	 0	 0
ASV_716	15	 0	 0	 0	 0	 0	 0	 0	 0	 0	 0	 0	 0	 0	 0
ASV_717	 0	 0	15	 0	 0	 0	 0	 0	 0	 0	 0	 0	 0	 0	 0
ASV_718	 0	 0	15	 0	 0	 0	 0	 0	 0	 0	 0	 0	 0	 0	 0
ASV_719	0	0	0	0	0	0	7	0	0	0	0	0	0	4	4
ASV_720	 0	 0	 0	 0	 0	 0	 0	 0	 0	 0	 0	 0	15	 0	 0
ASV_721	 0	 0	 0	 0	 0	 0	 0	 0	 0	 0	 0	 0	 0	15	 0
ASV_722	14	 0	 0	 0	 0	 0	 0	 0	 0	 0	 0	 0	 0	 0	 0
ASV_723	14	 0	 0	 0	 0	 0	 0	 0	 0	 0	 0	 0	 0	 0	 0
ASV_724	 0	14	 0	 0	 0	 0	 0	 0	 0	 0	 0	 0	 0	 0	 0
ASV_725	 0	 0	14	 0	 0	 0	 0	 0	 0	 0	 0	 0	 0	 0	 0
ASV_726	 0	 0	 0	 0	14	 0	 0	 0	 0	 0	 0	 0	 0	 0	 0
ASV_727	 0	 0	 0	 0	14	 0	 0	 0	 0	 0	 0	 0	 0	 0	 0
ASV_728	 0	 0	 0	 0	14	 0	 0	 0	 0	 0	 0	 0	 0	 0	 0
ASV_729	13	 0	 0	 0	 0	 0	 0	 0	 0	 0	 0	 0	 0	 0	 0
ASV_730	13	 0	 0	 0	 0	 0	 0	 0	 0	 0	 0	 0	 0	 0	 0
ASV_731	13	 0	 0	 0	 0	 0	 0	 0	 0	 0	 0	 0	 0	 0	 0
ASV_732	13	 0	 0	 0	 0	 0	 0	 0	 0	 0	 0	 0	 0	 0	 0
ASV_733	13	 0	 0	 0	 0	 0	 0	 0	 0	 0	 0	 0	 0	 0	 0
ASV_734	 0	 0	13	 0	 0	 0	 0	 0	 0	 0	 0	 0	 0	 0	 0
ASV_735	 0	 0	13	 0	 0	 0	 0	 0	 0	 0	 0	 0	 0	 0	 0
ASV_736	 0	 0	13	 0	 0	 0	 0	 0	 0	 0	 0	 0	 0	 0	 0
ASV_737	 0	 0	13	 0	 0	 0	 0	 0	 0	 0	 0	 0	 0	 0	 0
ASV_738	 0	 0	13	 0	 0	 0	 0	 0	 0	 0	 0	 0	 0	 0	 0
ASV_739	 0	 0	 0	 0	13	 0	 0	 0	 0	 0	 0	 0	 0	 0	 0
ASV_740	 0	 0	 0	 0	 0	 0	13	 0	 0	 0	 0	 0	 0	 0	 0
ASV_741	 0	 0	 0	 0	 0	 0	 0	13	 0	 0	 0	 0	 0	 0	 0
ASV_742	 0	 0	 0	 0	 0	 0	 0	 0	 0	 0	 0	13	 0	 0	 0
ASV_743	12	 0	 0	 0	 0	 0	 0	 0	 0	 0	 0	 0	 0	 0	 0
ASV_744	 0	 0	12	 0	 0	 0	 0	 0	 0	 0	 0	 0	 0	 0	 0
ASV_745	 0	 0	12	 0	 0	 0	 0	 0	 0	 0	 0	 0	 0	 0	 0
ASV_746	 0	 0	 0	 0	12	 0	 0	 0	 0	 0	 0	 0	 0	 0	 0
ASV_747	 0	 0	 0	 0	 0	 0	12	 0	 0	 0	 0	 0	 0	 0	 0
ASV_748	 0	 0	 0	 0	 0	 0	12	 0	 0	 0	 0	 0	 0	 0	 0
ASV_749	 0	 0	 0	 0	 0	 0	 0	12	 0	 0	 0	 0	 0	 0	 0
ASV_750	 0	 0	 0	 0	 0	 0	 0	 0	 0	 0	12	 0	 0	 0	 0
ASV_751	 0	 0	 0	 0	 0	 0	 0	 0	 0	 0	 0	12	 0	 0	 0
ASV_752	 0	 0	 0	 0	 0	 0	 0	 0	 0	 0	 0	 0	 0	 0	12
ASV_753	 0	 0	 0	 0	 0	 0	 0	 0	 0	 0	 0	 0	 0	 0	12
ASV_754	11	 0	 0	 0	 0	 0	 0	 0	 0	 0	 0	 0	 0	 0	 0
ASV_755	5	0	0	0	0	0	0	6	0	0	0	0	0	0	0
ASV_756	11	 0	 0	 0	 0	 0	 0	 0	 0	 0	 0	 0	 0	 0	 0
ASV_757	11	 0	 0	 0	 0	 0	 0	 0	 0	 0	 0	 0	 0	 0	 0
ASV_758	11	 0	 0	 0	 0	 0	 0	 0	 0	 0	 0	 0	 0	 0	 0
ASV_759	0	3	0	0	0	8	0	0	0	0	0	0	0	0	0
ASV_760	10	 0	 0	 0	 0	 0	 0	 0	 0	 0	 0	 0	 0	 0	 0
ASV_761	10	 0	 0	 0	 0	 0	 0	 0	 0	 0	 0	 0	 0	 0	 0
ASV_762	 0	 0	10	 0	 0	 0	 0	 0	 0	 0	 0	 0	 0	 0	 0
ASV_763	 0	 0	10	 0	 0	 0	 0	 0	 0	 0	 0	 0	 0	 0	 0
ASV_764	 0	 0	10	 0	 0	 0	 0	 0	 0	 0	 0	 0	 0	 0	 0
ASV_765	 0	 0	 0	 0	10	 0	 0	 0	 0	 0	 0	 0	 0	 0	 0
ASV_766	 0	 0	 0	 0	10	 0	 0	 0	 0	 0	 0	 0	 0	 0	 0
ASV_767	 0	 0	 0	 0	10	 0	 0	 0	 0	 0	 0	 0	 0	 0	 0
ASV_768	 0	 0	 0	 0	10	 0	 0	 0	 0	 0	 0	 0	 0	 0	 0
ASV_769	 0	 0	 0	 0	 0	 0	 0	 0	10	 0	 0	 0	 0	 0	 0
ASV_770	 0	 0	 0	 0	 0	 0	 0	 0	 0	10	 0	 0	 0	 0	 0
ASV_771	 0	 0	 0	 0	 0	 0	 0	 0	 0	 0	10	 0	 0	 0	 0
ASV_772	9	0	0	0	0	0	0	0	0	0	0	0	0	0	0
ASV_773	9	0	0	0	0	0	0	0	0	0	0	0	0	0	0
ASV_774	9	0	0	0	0	0	0	0	0	0	0	0	0	0	0
ASV_775	0	0	9	0	0	0	0	0	0	0	0	0	0	0	0
ASV_776	0	0	9	0	0	0	0	0	0	0	0	0	0	0	0
ASV_777	0	0	0	0	9	0	0	0	0	0	0	0	0	0	0
ASV_778	0	0	0	0	9	0	0	0	0	0	0	0	0	0	0
ASV_779	0	0	0	0	9	0	0	0	0	0	0	0	0	0	0
ASV_780	0	0	0	0	9	0	0	0	0	0	0	0	0	0	0
ASV_781	0	0	0	0	9	0	0	0	0	0	0	0	0	0	0
ASV_782	0	0	0	0	9	0	0	0	0	0	0	0	0	0	0
ASV_783	0	0	0	0	0	0	9	0	0	0	0	0	0	0	0
ASV_784	0	0	0	0	0	0	0	0	9	0	0	0	0	0	0
ASV_785	0	0	0	0	0	0	0	0	0	0	0	9	0	0	0
ASV_786	0	0	0	0	0	0	0	0	0	0	0	0	9	0	0
ASV_787	0	0	0	0	0	0	0	0	0	0	0	0	0	9	0
ASV_788	0	0	0	0	0	0	0	0	0	0	0	0	0	0	9
ASV_789	8	0	0	0	0	0	0	0	0	0	0	0	0	0	0
ASV_790	0	0	8	0	0	0	0	0	0	0	0	0	0	0	0
ASV_791	0	0	8	0	0	0	0	0	0	0	0	0	0	0	0
ASV_792	0	0	8	0	0	0	0	0	0	0	0	0	0	0	0
ASV_793	0	0	0	8	0	0	0	0	0	0	0	0	0	0	0
ASV_794	0	0	0	8	0	0	0	0	0	0	0	0	0	0	0
ASV_795	0	0	0	0	8	0	0	0	0	0	0	0	0	0	0
ASV_796	0	0	0	0	0	0	8	0	0	0	0	0	0	0	0
ASV_797	7	0	0	0	0	0	0	0	0	0	0	0	0	0	0
ASV_798	0	0	7	0	0	0	0	0	0	0	0	0	0	0	0
ASV_799	0	0	0	0	7	0	0	0	0	0	0	0	0	0	0
ASV_800	0	0	0	0	7	0	0	0	0	0	0	0	0	0	0
ASV_801	0	0	0	0	0	7	0	0	0	0	0	0	0	0	0
ASV_802	0	0	0	0	0	0	0	7	0	0	0	0	0	0	0
ASV_803	0	0	0	0	0	0	0	0	0	0	0	7	0	0	0
ASV_804	0	0	0	0	0	0	0	0	0	0	0	0	7	0	0
ASV_805	6	0	0	0	0	0	0	0	0	0	0	0	0	0	0
ASV_806	0	6	0	0	0	0	0	0	0	0	0	0	0	0	0
ASV_807	0	0	6	0	0	0	0	0	0	0	0	0	0	0	0
ASV_808	0	0	0	0	6	0	0	0	0	0	0	0	0	0	0
ASV_809	0	0	0	0	6	0	0	0	0	0	0	0	0	0	0
ASV_810	0	0	0	0	6	0	0	0	0	0	0	0	0	0	0
ASV_811	0	0	0	0	6	0	0	0	0	0	0	0	0	0	0
ASV_812	0	0	0	0	0	6	0	0	0	0	0	0	0	0	0
ASV_813	0	0	0	0	0	0	0	6	0	0	0	0	0	0	0
ASV_814	0	0	0	0	0	0	0	0	6	0	0	0	0	0	0
ASV_815	0	0	0	0	0	0	0	0	0	6	0	0	0	0	0
ASV_816	0	0	0	0	0	0	0	0	0	0	0	6	0	0	0
ASV_817	0	0	0	0	0	0	0	0	0	0	0	0	6	0	0
ASV_818	5	0	0	0	0	0	0	0	0	0	0	0	0	0	0
ASV_819	5	0	0	0	0	0	0	0	0	0	0	0	0	0	0
ASV_820	0	5	0	0	0	0	0	0	0	0	0	0	0	0	0
ASV_821	0	0	5	0	0	0	0	0	0	0	0	0	0	0	0
ASV_822	0	0	5	0	0	0	0	0	0	0	0	0	0	0	0
ASV_823	0	0	0	0	5	0	0	0	0	0	0	0	0	0	0
ASV_824	0	0	0	0	5	0	0	0	0	0	0	0	0	0	0
ASV_825	0	0	0	0	0	5	0	0	0	0	0	0	0	0	0
ASV_826	0	0	0	0	0	0	0	0	0	0	0	0	5	0	0
ASV_827	4	0	0	0	0	0	0	0	0	0	0	0	0	0	0
ASV_828	4	0	0	0	0	0	0	0	0	0	0	0	0	0	0
ASV_829	4	0	0	0	0	0	0	0	0	0	0	0	0	0	0
ASV_830	0	0	0	4	0	0	0	0	0	0	0	0	0	0	0
ASV_831	0	0	0	4	0	0	0	0	0	0	0	0	0	0	0
ASV_832	0	0	0	0	4	0	0	0	0	0	0	0	0	0	0
ASV_833	0	0	0	0	4	0	0	0	0	0	0	0	0	0	0
ASV_834	0	0	0	0	4	0	0	0	0	0	0	0	0	0	0
ASV_835	0	0	0	0	0	4	0	0	0	0	0	0	0	0	0
ASV_836	0	0	0	0	0	4	0	0	0	0	0	0	0	0	0
ASV_837	0	0	0	0	0	0	4	0	0	0	0	0	0	0	0
ASV_838	0	0	0	0	0	0	4	0	0	0	0	0	0	0	0
ASV_839	0	0	0	0	0	0	0	0	4	0	0	0	0	0	0
ASV_840	0	0	0	0	0	0	0	0	4	0	0	0	0	0	0
ASV_841	0	0	0	0	0	0	0	0	0	0	0	4	0	0	0
ASV_842	3	0	0	0	0	0	0	0	0	0	0	0	0	0	0
ASV_843	3	0	0	0	0	0	0	0	0	0	0	0	0	0	0
ASV_844	3	0	0	0	0	0	0	0	0	0	0	0	0	0	0
ASV_845	0	0	0	3	0	0	0	0	0	0	0	0	0	0	0
ASV_846	0	0	0	0	3	0	0	0	0	0	0	0	0	0	0
ASV_847	0	0	0	0	3	0	0	0	0	0	0	0	0	0	0
ASV_848	0	0	0	0	3	0	0	0	0	0	0	0	0	0	0
ASV_849	0	0	0	0	3	0	0	0	0	0	0	0	0	0	0
ASV_850	0	0	0	0	3	0	0	0	0	0	0	0	0	0	0
ASV_851	0	0	0	0	0	3	0	0	0	0	0	0	0	0	0
ASV_852	0	0	0	0	0	3	0	0	0	0	0	0	0	0	0
ASV_853	0	0	0	0	0	0	3	0	0	0	0	0	0	0	0
ASV_854	0	0	0	0	0	0	3	0	0	0	0	0	0	0	0
ASV_855	0	0	0	0	0	0	0	0	3	0	0	0	0	0	0
ASV_856	0	0	0	0	0	0	0	0	0	0	0	0	0	3	0
ASV_857	2	0	0	0	0	0	0	0	0	0	0	0	0	0	0
ASV_858	2	0	0	0	0	0	0	0	0	0	0	0	0	0	0
ASV_859	2	0	0	0	0	0	0	0	0	0	0	0	0	0	0
ASV_860	2	0	0	0	0	0	0	0	0	0	0	0	0	0	0
ASV_861	0	0	0	0	2	0	0	0	0	0	0	0	0	0	0
ASV_862	0	0	0	0	0	2	0	0	0	0	0	0	0	0	0
ASV_863	0	0	0	0	0	0	0	0	0	0	0	2	0	0	0
